100
55 52
73 24
6 59
60 16
97 31
64 14
66 42
77 66
42 31
20 74
40 67
83 73
69 98
91 47
79 77
82 1
63 65
25 77
90 7
57 11
54 63
91 5
42 17
79 95
75 23
67 83
72 68
100 61
22 76
86 62
54 68
17 30
45 70
15 100
22 32
93 58
19 70
26 99
26 4
75 75
4 15
17 94
5 59
79 75
1 1
40 22
58 57
34 15
23 23
7 56
44 47
1 22
36 3
51 40
45 56
7 84
6 62
72 45
13 40
74 62
98 41
92 76
4 7
23 63
72 10
85 27
27 95
16 19
20 55
87 78
42 90
66 99
65 89
64 94
12 51
12 80
19 97
77 92
11 14
82 10
88 98
28 71
21 29
84 70
19 53
83 26
42 20
89 31
51 66
66 27
54 72
67 89
92 85
61 12
42 59
33 63
57 30
14 55
91 90
100 57
95 83
100 30
21 82
66 56
6 71
10 83
56 92
33 74
87 96
96 68
72 83
4 92
93 34
52 36
98 86
24 79
97 10
37 89
15 65
10 20
88 87
73 61
55 54
93 16
91 44
53 63
94 16
39 3
79 71
57 57
44 21
28 90
5 95
17 93
20 96
69 76
62 77
58 56
81 47
7 33
61 17
48 49
38 46
78 71
80 86
73 64
67 18
92 79
22 11
69 27
31 77
3 76
37 96
65 40
94 15
70 67
85 3
83 24
67 71
41 49
63 73
61 33
100 19
13 12
7 52
71 68
48 77
77 68
36 53
35 64
68 23
53 44
35 19
3 52
5 7
29 23
18 78
17 27
95 33
17 64
68 26
65 74
92 34
74 61
58 97
33 37
47 40
29 86
27 50
17 89
43 86
8 50
33 2
10 53
6 50
58 65
93 84
22 6
69 24
1 52
89 90
5 62
7 36
85 84
93 1
40 74
36 70
9 11
50 96
36 79
62 16
12 16
84 24
53 10
2 11
48 61
1 31
4 98
64 91
15 93
94 43
23 5
64 90
24 9
48 85
89 63
81 75
52 26
56 73
71 84
30 62
97 11
9 15
8 57
64 88
12 76
19 100
71 43
77 74
91 6
70 25
100 68
18 44
97 48
60 9
93 75
81 54
36 39
48 13
88 4
37 97
57 94
53 31
1 3
96 81
78 22
46 59
95 3
71 73
38 28
9 21
47 35
26 70
91 55
38 2
100 99
92 78
25 90
45 78
67 31
7 43
58 8
33 70
1 45
76 50
99 2
18 28
2 5
66 55
65 75
70 48
86 33
61 58
46 9
39 93
1 93
72 18
75 38
3 80
14 83
34 41
98 15
58 88
82 55
70 12
24 76
22 51
97 73
9 16
19 27
19 18
83 63
89 59
57 89
73 88
42 91
34 77
37 90
66 86
43 87
19 5
61 37
61 30
34 70
74 27
40 62
84 4
94 3
46 25
60 52
5 55
36 68
41 37
55 47
20 28
49 36
75 9
4 24
52 21
46 72
2 37
17 81
31 20
45 34
21 44
11 23
18 86
71 18
82 100
25 31
85 12
14 2
68 58
75 81
99 18
26 98
87 40
34 17
61 47
62 45
60 55
25 94
24 94
57 91
24 56
81 13
32 20
40 69
58 13
89 28
29 22
48 55
77 34
60 8
95 82
50 52
80 81
6 100
38 42
45 47
72 99
98 25
54 34
80 45
39 4
46 67
3 14
98 5
87 7
5 2
25 16
20 22
17 23
70 80
61 71
57 85
15 6
9 10
34 8
13 59
42 82
86 61
80 62
83 6
58 69
34 61
74 58
59 85
21 72
11 25
84 21
100 21
41 69
32 70
39 82
80 40
78 56
27 99
76 38
19 34
66 38
64 60
2 2
49 13
77 24
33 52
90 9
51 75
28 88
42 51
98 55
63 81
44 46
27 56
90 30
45 48
31 85
95 59
21 94
14 32
92 60
98 40
51 80
6 48
86 19
51 72
33 90
45 12
40 8
4 95
44 94
45 14
90 47
61 46
99 13
3 95
16 51
81 63
55 69
53 53
77 50
37 76
36 44
98 87
40 97
32 51
31 70
33 87
74 90
99 47
61 80
73 12
4 76
75 37
17 82
21 58
19 69
29 72
26 15
83 17
14 5
39 30
80 79
16 1
67 98
5 65
78 73
9 99
7 13
25 67
11 46
9 89
77 38
16 89
59 54
62 91
67 32
94 5
43 93
44 71
26 97
52 30
46 11
44 72
97 55
27 7
95 39
65 67
84 89
18 69
13 81
56 15
20 92
19 2
72 17
65 8
95 75
1 46
4 71
31 96
2 49
28 39
47 59
75 47
40 29
4 99
18 67
91 38
86 56
11 80
88 64
97 87
100 96
97 64
35 59
24 92
84 1
10 90
70 99
62 54
73 10
60 23
32 99
18 38
30 83
32 88
74 69
49 8
73 65
29 75
51 95
86 80
37 85
91 84
97 100
83 3
95 49
29 36
70 93
33 41
89 8
65 9
62 82
35 38
84 76
6 79
69 71
14 16
12 55
50 21
73 89
32 85
85 91
100 64
45 29
1 83
68 46
40 26
100 76
68 82
96 67
48 99
92 48
36 55
37 79
99 60
74 87
69 23
88 65
7 74
72 85
64 62
39 94
