2 8148
3 1781
4 257
5 4338
6 8813
7 9165
8 8366
9 5513
10 1126
11 8753
12 459
13 4117
14 3211
15 5748
16 4215
17 1559
18 7721
19 9577
20 9993
21 9959
22 4927
23 6918
24 7919
25 1504
26 8213
27 9430
28 1225
29 7009
30 9997
31 3501
32 2225
33 6097
34 6624
35 9967
36 9148
37 9178
38 8218
39 4870
40 6694
41 5752
42 610
43 9145
44 7254
45 316
46 8943
47 4567
48 1691
49 776
50 8926
51 411
52 4741
53 9789
54 1160
55 2175
56 6187
57 4430
58 395
59 6262
60 5912
61 2122
62 3689
63 6614
64 4888
65 6057
66 2483
67 9969
68 7367
69 2055
70 1366
71 7263
72 2398
73 2043
74 7707
75 2001
76 3253
77 7492
78 3584
79 1301
80 6848
81 7499
82 7609
83 2940
84 5937
85 5967
86 782
87 1380
88 3080
89 373
90 3146
91 1263
92 4590
93 9126
94 987
95 1382
96 3254
97 2272
98 5169
99 3340
100 4379
101 3783
102 741
103 9709
104 7232
105 6988
106 707
107 3137
108 539
109 2113
110 8224
111 4199
112 3552
113 603
114 683
115 6041
116 5386
117 5901
118 1049
119 3958
120 7767
121 1082
122 3852
123 2824
124 7884
125 6653
126 9371
127 1620
128 3413
129 2462
130 9201
131 6996
132 4084
133 8284
134 1718
135 7913
136 8259
137 1344
138 8709
139 6132
140 1682
141 9793
142 3998
143 3642
144 5260
145 5198
146 6804
147 3015
148 534
149 4592
150 5033
151 7727
152 8575
153 7865
154 534
155 7794
156 262
157 8468
158 5869
159 9500
160 9359
161 7955
162 2779
163 3838
164 6523
165 2642
166 8929
167 3597
168 4377
169 8383
170 7084
171 5555
172 4914
173 4200
174 7062
175 1448
176 5673
177 7154
178 1982
179 3144
180 6309
181 8095
182 9902
183 5715
184 2267
185 8370
186 58
187 3824
188 9973
189 4913
190 3053
191 3178
192 7463
193 2434
194 5746
195 1483
196 4036
197 1516
198 2394
199 1052
200 9364
201 1246
202 1057
203 5720
204 4426
205 5509
206 2920
207 4426
208 423
209 5739
210 3041
211 747
212 8689
213 5467
214 1007
215 6847
216 6129
217 2885
218 2082
219 6646
220 137
221 5430
222 5887
223 9942
224 1913
225 5795
226 7827
227 9716
228 9601
229 8265
230 7831
231 5048
232 9430
233 3980
234 4742
235 1796
236 5136
237 4653
238 3502
239 4765
240 5206
241 1277
242 3389
243 4379
244 7825
245 9605
246 115
247 8859
248 5417
249 3104
250 3627
251 9765
252 9114
253 1635
254 7490
255 5446
256 9115
257 5826
258 7679
259 2179
260 8975
261 4678
262 5921
263 3787
264 4127
265 1374
266 4849
267 3963
268 675
269 706
270 8753
271 2188
272 1628
273 9079
274 4652
275 3465
276 1149
277 6106
278 6042
279 2821
280 5680
281 3526
282 9981
283 766
284 6978
285 8058
286 6479
287 330
288 5092
289 2573
290 5322
291 7298
292 2032
293 8367
294 1149
295 6849
296 1796
297 5861
298 3437
299 7736
300 4709
301 4530
302 7820
303 368
304 505
305 4729
306 8677
307 8992
308 8821
309 2993
310 1614
311 2062
312 2258
313 4676
314 5668
315 7362
316 7313
317 1385
318 1086
319 5109
320 9004
321 1052
322 8989
323 6170
324 9492
325 5730
326 4406
327 7595
328 7219
329 6011
330 455
331 6575
332 7095
333 7345
334 9390
335 6281
336 5461
337 3960
338 6050
339 7370
340 3563
341 3778
342 1871
343 8844
344 343
345 9169
346 1294
347 7819
348 6600
349 9535
350 1895
351 4101
352 5766
353 7030
354 294
355 8364
356 7971
357 9193
358 9571
359 320
360 996
361 2768
362 415
363 3047
364 9582
365 2133
366 658
367 1231
368 1105
369 7418
370 6709
371 9424
372 302
373 4859
374 1063
375 7175
376 641
377 7003
378 9051
379 8184
380 2451
381 799
382 6344
383 5797
384 2301
385 5156
386 3851
387 3431
388 8901
389 5927
390 828
391 2087
392 7229
393 2899
394 9206
395 5164
396 3436
397 241
398 8666
399 1901
400 9934
401 8823
402 4026
403 7870
404 5416
405 3741
406 5993
407 602
408 7255
409 1809
410 7822
411 3055
412 2595
413 9476
414 9110
415 2454
416 7429
417 233
418 9478
419 4193
420 1309
421 6864
422 1075
423 7631
424 5428
425 5396
426 7713
427 4245
428 3265
429 8464
430 7243
431 8535
432 5596
433 2228
434 2361
435 6100
436 8883
437 9091
438 922
439 1043
440 2605
441 7651
442 2967
443 2951
444 5652
445 7037
446 4621
447 5168
448 4885
449 6279
450 8643
451 5754
452 8686
453 5571
454 1227
455 7912
456 1511
457 9328
458 5584
459 4267
460 7141
461 8255
462 3553
463 613
464 7348
465 211
466 4501
467 4211
468 3974
469 5452
470 6826
471 2647
472 2455
473 1814
474 9100
475 2121
476 5816
477 7375
478 2974
479 535
480 8748
481 5742
482 6759
483 137
484 6027
485 6451
486 1545
487 3287
488 6013
489 2222
490 4457
491 8378
492 4379
493 4429
494 8162
495 3860
496 4197
497 8032
498 7490
499 8463
500 2256
501 25
502 9244
503 4440
504 4796
505 2237
506 3646
507 7704
508 669
509 687
510 2656
511 3589
512 6128
513 3666
514 8324
515 1000
516 6632
517 8176
518 6345
519 3648
520 1128
521 6941
522 2647
523 9066
524 285
525 9238
526 3240
527 6248
528 544
529 7846
530 1795
531 5605
532 4678
533 7371
534 8746
535 8177
536 2851
537 9191
538 6248
539 8743
540 4498
541 8212
542 3972
543 372
544 9876
545 3709
546 392
547 9236
548 295
549 5059
550 4652
551 9397
552 7290
553 4789
554 4914
555 6463
556 2428
557 7643
558 4848
559 1994
560 4283
561 7430
562 112
563 4332
564 3559
565 6921
566 856
567 1042
568 3516
569 7799
570 1438
571 2420
572 5249
573 4862
574 9094
575 7203
576 1298
577 5607
578 130
579 8384
580 3314
581 6259
582 2255
583 1341
584 7763
585 9668
586 2878
587 5696
588 1646
589 5924
590 911
591 2697
592 6419
593 6887
594 5397
595 2020
596 9614
597 4433
598 346
599 5300
600 756
601 9874
602 8678
603 2576
604 1723
605 963
606 979
607 752
608 9665
609 3490
610 5185
611 932
612 1607
613 7898
614 8056
615 8545
616 5603
617 3158
618 1221
619 9236
620 4731
621 3522
622 4500
623 4418
624 483
625 8426
626 8807
627 7360
628 6948
629 5003
630 7007
631 4479
632 2805
633 7041
634 4335
635 5037
636 2946
637 5755
638 3040
639 8609
640 5231
641 5561
642 260
643 5871
644 3527
645 7186
646 9701
647 2563
648 6632
649 1355
650 9975
651 1302
652 2299
653 1848
654 4608
655 2084
656 6612
657 7478
658 3163
659 2659
660 3042
661 8933
662 3404
663 3944
664 8166
665 2787
666 3534
667 6191
668 1281
669 5643
670 4470
671 7839
672 6767
673 2922
674 1077
675 2811
676 1749
677 9708
678 9966
679 7254
680 1009
681 6989
682 8918
683 8188
684 2475
685 6289
686 2049
687 6323
688 2961
689 1314
690 1871
691 8060
692 4567
693 7624
694 9665
695 545
696 6495
697 6300
698 828
699 9418
700 3878
701 8989
702 912
703 2463
704 194
705 4924
706 3682
707 2363
708 9874
709 545
710 3957
711 9997
712 6440
713 9672
714 2219
715 8350
716 4507
717 7913
718 5776
719 777
720 1428
721 2622
722 1026
723 6137
724 198
725 5774
726 3911
727 977
728 3157
729 4924
730 3710
731 36
732 5542
733 5917
734 8400
735 6423
736 4894
737 306
738 3513
739 5552
740 1624
741 7387
742 94
743 8900
744 1013
745 9931
746 949
747 5213
748 3469
749 4925
750 4137
751 6181
752 5096
753 6344
754 2277
755 8334
756 5519
757 4395
758 1955
759 1281
760 4464
761 4838
762 9075
763 3864
764 4042
765 9911
766 3396
767 8285
768 5308
769 9824
770 3898
771 8516
772 7296
773 2538
774 1168
775 5717
776 7701
777 5323
778 5310
779 5802
780 5526
781 1471
782 5414
783 8712
784 9352
785 4541
786 8345
787 2670
788 4489
789 1170
790 2017
791 3500
792 7979
793 7462
794 3483
795 8611
796 3030
797 745
798 7462
799 9527
800 1487
801 9948
802 1117
803 9178
804 6536
805 8350
806 4340
807 3690
808 1400
809 5148
810 6758
811 2818
812 1002
813 2189
814 5644
815 3214
816 1658
817 1139
818 2577
819 9616
820 8545
821 1141
822 2438
823 179
824 9455
825 2438
826 4616
827 5137
828 9135
829 1646
830 367
831 5039
832 2446
833 941
834 3311
835 1443
836 9694
837 640
838 3267
839 6058
840 1259
841 9434
842 7172
843 4667
844 4518
845 5225
846 540
847 7785
848 6930
849 4334
850 5706
851 1525
852 2520
853 1594
854 7681
855 7861
856 496
857 487
858 6716
859 6879
860 6347
861 286
862 5092
863 7721
864 2371
865 215
866 9037
867 9128
868 1297
869 5168
870 7463
871 6744
872 8189
873 6458
874 3722
875 4608
876 2360
877 4267
878 5203
879 1353
880 5713
881 999
882 694
883 8970
884 7745
885 6710
886 4911
887 7300
888 9109
889 5692
890 62
891 4549
892 5460
893 3834
894 4121
895 6529
896 5891
897 258
898 3618
899 4013
900 3892
901 9952
902 327
903 932
904 4487
905 5812
906 8639
907 858
908 6548
909 3583
910 8625
911 291
912 6751
913 9700
914 6928
915 5800
916 6519
917 8583
918 8949
919 9415
920 1913
921 9224
922 7316
923 7735
924 285
925 9071
926 3630
927 5956
928 5779
929 8730
930 6038
931 19
932 6365
933 7550
934 9945
935 3356
936 3331
937 987
938 6790
939 5170
940 9494
941 774
942 2786
943 6354
944 478
945 4366
946 3076
947 7094
948 1702
949 3666
950 9977
951 2963
952 235
953 4051
954 4101
955 3182
956 559
957 4802
958 7365
959 804
960 5059
961 4560
962 1342
963 8959
964 287
965 7298
966 9009
967 3142
968 6198
969 4383
970 3957
971 9209
972 2711
973 2959
974 5261
975 3645
976 7939
977 9740
978 667
979 7217
980 1979
981 4335
982 782
983 1327
984 5242
985 2823
986 7255
987 8932
988 5495
989 3253
990 1754
991 3984
992 9271
993 5461
994 4897
995 7846
996 3668
997 1736
998 555
999 5929
1000 1355
1001 6529
1002 5573
1003 4427
1004 6231
1005 9000
1006 3631
1007 451
1008 581
1009 2336
1010 9665
1011 9787
1012 8572
1013 989
1014 9645
1015 5033
1016 4932
1017 1840
1018 2360
1019 5600
1020 9722
1021 3014
1022 1800
1023 7284
1024 8675
1025 5686
1026 8537
1027 9565
1028 6705
1029 9759
1030 3728
1031 3598
1032 6519
1033 3381
1034 316
1035 6682
1036 8479
1037 1993
1038 7893
1039 8045
1040 912
1041 657
1042 1950
1043 7406
1044 7849
1045 477
1046 408
1047 159
1048 2865
1049 8589
1050 2696
1051 1381
1052 5392
1053 2338
1054 5842
1055 962
1056 4082
1057 1264
1058 791
1059 2127
1060 2857
1061 6574
1062 438
1063 6455
1064 8866
1065 7649
1066 8399
1067 1335
1068 4181
1069 7529
1070 5305
1071 2562
1072 2405
1073 1165
1074 4933
1075 4055
1076 8264
1077 9416
1078 7038
1079 2237
1080 3245
1081 231
1082 4396
1083 4816
1084 8403
1085 4525
1086 2279
1087 5477
1088 1725
1089 1726
1090 9852
1091 5449
1092 1602
1093 1234
1094 4311
1095 4188
1096 3556
1097 6408
1098 3237
1099 7078
1100 4741
1101 8679
1102 3397
1103 376
1104 9655
1105 2527
1106 7996
1107 2705
1108 1952
1109 3017
1110 4764
1111 2015
1112 2620
1113 4623
1114 2611
1115 657
1116 806
1117 1967
1118 3104
1119 1942
1120 6114
1121 5964
1122 4932
1123 7344
1124 8608
1125 9206
1126 6414
1127 5818
1128 8939
1129 1777
1130 2893
1131 392
1132 7075
1133 2491
1134 8599
1135 6467
1136 618
1137 3565
1138 2220
1139 861
1140 9337
1141 8239
1142 3126
1143 3400
1144 7182
1145 6985
1146 4957
1147 3098
1148 7296
1149 2362
1150 9882
1151 6975
1152 5606
1153 2668
1154 8226
1155 6074
1156 1599
1157 7396
1158 9709
1159 2529
1160 5838
1161 9428
1162 6839
1163 169
1164 2451
1165 6903
1166 6156
1167 2486
1168 3579
1169 4755
1170 8368
1171 184
1172 4747
1173 6723
1174 8148
1175 896
1176 1163
1177 3957
1178 456
1179 2404
1180 880
1181 9881
1182 6877
1183 236
1184 7196
1185 8596
1186 829
1187 8458
1188 7519
1189 1921
1190 8144
1191 3409
1192 6741
1193 8874
1194 9580
1195 7372
1196 7443
1197 8180
1198 4738
1199 8368
1200 568
1201 8797
1202 8094
1203 218
1204 430
1205 6580
1206 8918
1207 1180
1208 5663
1209 7898
1210 3409
1211 6847
1212 6292
1213 9695
1214 8207
1215 6427
1216 214
1217 8655
1218 9531
1219 9530
1220 9532
1221 4535
1222 6582
1223 2765
1224 249
1225 4276
1226 4709
1227 761
1228 285
1229 1383
1230 1777
1231 8062
1232 357
1233 7641
1234 4049
1235 2107
1236 722
1237 9244
1238 5215
1239 8647
1240 5702
1241 1234
1242 3173
1243 2318
1244 5510
1245 1797
1246 5452
1247 6334
1248 5714
1249 2886
1250 8415
1251 9482
1252 4430
1253 7755
1254 7952
1255 6945
1256 6800
1257 8663
1258 6073
1259 4546
1260 2512
1261 5164
1262 2389
1263 7118
1264 4565
1265 3200
1266 4333
1267 7970
1268 9874
1269 4608
1270 2757
1271 7970
1272 9065
1273 4439
1274 7275
1275 7791
1276 9838
1277 6732
1278 8657
1279 9754
1280 189
1281 467
1282 7263
1283 4556
1284 4349
1285 3893
1286 1697
1287 939
1288 9460
1289 9601
1290 5670
1291 7385
1292 4866
1293 2907
1294 5846
1295 1734
1296 4600
1297 3267
1298 4059
1299 2630
1300 8021
1301 5211
1302 2512
1303 7099
1304 4868
1305 5671
1306 1206
1307 9241
1308 1985
1309 5909
1310 4079
1311 4142
1312 8152
1313 1378
1314 5611
1315 5483
1316 6558
1317 1141
1318 395
1319 5736
1320 4779
1321 351
1322 9765
1323 7820
1324 5288
1325 161
1326 8350
1327 7975
1328 2221
1329 3424
1330 3943
1331 379
1332 4034
1333 9324
1334 535
1335 5542
1336 3577
1337 3385
1338 4574
1339 9128
1340 578
1341 5611
1342 5259
1343 6785
1344 7302
1345 9876
1346 3924
1347 1953
1348 8233
1349 3261
1350 2219
1351 1051
1352 8019
1353 4946
1354 2478
1355 1489
1356 1853
1357 1053
1358 5426
1359 7187
1360 7569
1361 3722
1362 3862
1363 386
1364 6323
1365 2442
1366 2832
1367 4253
1368 759
1369 5581
1370 4361
1371 1
1372 3305
1373 8259
1374 134
1375 487
1376 6056
1377 1394
1378 5272
1379 6104
1380 2640
1381 4556
1382 7659
1383 1068
1384 6612
1385 3335
1386 6960
1387 4132
1388 1453
1389 5052
1390 7826
1391 5274
1392 3455
1393 1667
1394 8326
1395 6204
1396 1440
1397 8456
1398 4248
1399 4709
1400 2360
1401 869
1402 3222
1403 9180
1404 6113
1405 2447
1406 9804
1407 5186
1408 2052
1409 9701
1410 4868
1411 4563
1412 1921
1413 3351
1414 9748
1415 102
1416 3730
1417 9394
1418 2342
1419 7094
1420 3500
1421 218
1422 5972
1423 4788
1424 9192
1425 8867
1426 9929
1427 9157
1428 931
1429 5723
1430 3422
1431 2756
1432 4042
1433 6585
1434 6524
1435 2495
1436 7233
1437 9213
1438 3366
1439 703
1440 9494
1441 1916
1442 1849
1443 8302
1444 8282
1445 7944
1446 6513
1447 7647
1448 5917
1449 3803
1450 8036
1451 5011
1452 4020
1453 9879
1454 9079
1455 4048
1456 7862
1457 3904
1458 5959
1459 8729
1460 5283
1461 3476
1462 1002
1463 4418
1464 9373
1465 9652
1466 2126
1467 8804
1468 8055
1469 5251
1470 4849
1471 7164
1472 2713
1473 8746
1474 1515
1475 1210
1476 2104
1477 5156
1478 950
1479 1608
1480 4294
1481 9417
1482 7453
1483 7525
1484 4049
1485 8013
1486 544
1487 7416
1488 581
1489 3736
1490 8569
1491 1785
1492 9105
1493 3332
1494 2413
1495 7855
1496 4133
1497 6246
1498 5106
1499 5630
1500 9004
1501 6093
1502 1157
1503 5875
1504 8691
1505 9709
1506 2891
1507 3318
1508 2340
1509 2688
1510 1327
1511 5906
1512 6302
1513 8311
1514 408
1515 3001
1516 9158
1517 8063
1518 8122
1519 9156
1520 3669
1521 9711
1522 6518
1523 2613
1524 8472
1525 5541
1526 7145
1527 5696
1528 2080
1529 211
1530 5050
1531 387
1532 1082
1533 1713
1534 947
1535 370
1536 9061
1537 6277
1538 3547
1539 551
1540 1514
1541 1274
1542 5339
1543 4693
1544 655
1545 4859
1546 3105
1547 5225
1548 2193
1549 7534
1550 8860
1551 6200
1552 5247
1553 970
1554 1030
1555 8666
1556 7573
1557 2914
1558 8830
1559 2883
1560 1997
1561 1047
1562 5657
1563 8858
1564 8728
1565 2840
1566 7671
1567 8645
1568 3929
1569 7420
1570 3080
1571 4172
1572 565
1573 5789
1574 7864
1575 4755
1576 8638
1577 3895
1578 9451
1579 5531
1580 6748
1581 8010
1582 9319
1583 188
1584 8564
1585 3876
1586 2221
1587 6907
1588 2758
1589 2292
1590 7134
1591 668
1592 8421
1593 6962
1594 180
1595 7869
1596 1553
1597 9272
1598 1839
1599 5530
1600 7227
1601 8924
1602 8276
1603 628
1604 469
1605 4150
1606 4693
1607 2277
1608 6419
1609 5530
1610 302
1611 2534
1612 3031
1613 4217
1614 878
1615 1537
1616 5135
1617 1380
1618 3778
1619 9594
1620 6825
1621 216
1622 7918
1623 1602
1624 1499
1625 8077
1626 6470
1627 2604
1628 9190
1629 9761
1630 8446
1631 9247
1632 2625
1633 5321
1634 144
1635 3195
1636 9891
1637 4789
1638 9610
1639 3870
1640 748
1641 1198
1642 1069
1643 4431
1644 4174
1645 5219
1646 7869
1647 3592
1648 4951
1649 5989
1650 3395
1651 6897
1652 9652
1653 5789
1654 9929
1655 7080
1656 5327
1657 7347
1658 1980
1659 615
1660 7351
1661 6601
1662 1812
1663 631
1664 5579
1665 2072
1666 1120
1667 1128
1668 28
1669 9433
1670 1554
1671 8323
1672 2355
1673 6904
1674 5254
1675 6255
1676 2658
1677 5538
1678 5446
1679 5664
1680 8217
1681 1492
1682 3947
1683 6717
1684 7169
1685 8083
1686 7104
1687 8101
1688 8911
1689 2032
1690 3802
1691 4102
1692 8364
1693 4088
1694 1729
1695 8648
1696 1146
1697 1913
1698 7261
1699 3720
1700 7896
1701 6293
1702 9296
1703 524
1704 7136
1705 8063
1706 4503
1707 8208
1708 1282
1709 3016
1710 6235
1711 1346
1712 7229
1713 2092
1714 9743
1715 3003
1716 5073
1717 7302
1718 1216
1719 5289
1720 9565
1721 9198
1722 4868
1723 1768
1724 5336
1725 4285
1726 387
1727 2582
1728 8008
1729 853
1730 8081
1731 7329
1732 1734
1733 7243
1734 4545
1735 9150
1736 9473
1737 2503
1738 7478
1739 9612
1740 5677
1741 5249
1742 8079
1743 8600
1744 6980
1745 6051
1746 1526
1747 7493
1748 4588
1749 1813
1750 6015
1751 7700
1752 4654
1753 367
1754 283
1755 2420
1756 4479
1757 9971
1758 2039
1759 169
1760 1962
1761 3470
1762 2126
1763 4749
1764 2618
1765 5930
1766 3653
1767 1228
1768 6399
1769 2755
1770 5658
1771 2693
1772 3281
1773 7508
1774 3812
1775 6688
1776 119
1777 459
1778 6794
1779 2867
1780 5629
1781 487
1782 2401
1783 832
1784 9886
1785 1661
1786 3584
1787 7612
1788 5200
1789 6348
1790 5356
1791 5030
1792 332
1793 7302
1794 3243
1795 4198
1796 553
1797 112
1798 2494
1799 5560
1800 4190
1801 272
1802 4132
1803 6047
1804 3132
1805 9402
1806 1478
1807 6728
1808 4613
1809 9961
1810 400
1811 790
1812 3446
1813 4262
1814 5216
1815 7384
1816 3837
1817 4818
1818 2527
1819 8125
1820 1410
1821 3336
1822 520
1823 1357
1824 7690
1825 9584
1826 8987
1827 4897
1828 8063
1829 668
1830 9398
1831 6901
1832 7806
1833 6114
1834 3986
1835 543
1836 1014
1837 1871
1838 2109
1839 9926
1840 4715
1841 7658
1842 4153
1843 7608
1844 9850
1845 4238
1846 1198
1847 4846
1848 118
1849 1342
1850 1065
1851 8820
1852 2675
1853 7590
1854 6853
1855 6921
1856 8363
1857 9203
1858 5959
1859 2485
1860 5009
1861 3238
1862 2913
1863 9693
1864 9668
1865 7964
1866 4827
1867 2654
1868 7566
1869 405
1870 4037
1871 1442
1872 4064
1873 6879
1874 8538
1875 6573
1876 1864
1877 4472
1878 1173
1879 5082
1880 5237
1881 7431
1882 9884
1883 43
1884 7330
1885 462
1886 8213
1887 3494
1888 6189
1889 9865
1890 1341
1891 7012
1892 5187
1893 4776
1894 4644
1895 1357
1896 5016
1897 4913
1898 8487
1899 1374
1900 38
1901 2371
1902 3641
1903 2746
1904 6086
1905 8684
1906 9075
1907 7578
1908 9284
1909 7450
1910 1328
1911 7716
1912 1128
1913 1715
1914 6982
1915 6064
1916 9396
1917 7835
1918 710
1919 8458
1920 4303
1921 2582
1922 4463
1923 1849
1924 8833
1925 7225
1926 1750
1927 6942
1928 1388
1929 3949
1930 8083
1931 2896
1932 8805
1933 2701
1934 28
1935 2657
1936 1545
1937 8682
1938 7675
1939 144
1940 9520
1941 7802
1942 5662
1943 8992
1944 1952
1945 2695
1946 636
1947 9179
1948 9594
1949 5197
1950 3487
1951 425
1952 7076
1953 2895
1954 8138
1955 2317
1956 9115
1957 6948
1958 7423
1959 4594
1960 4207
1961 1640
1962 7733
1963 6623
1964 2607
1965 5044
1966 3620
1967 9856
1968 4301
1969 9203
1970 7314
1971 4160
1972 7973
1973 2411
1974 1601
1975 8512
1976 2514
1977 9015
1978 2083
1979 6677
1980 5145
1981 9319
1982 7977
1983 6483
1984 5474
1985 7970
1986 5919
1987 9241
1988 4506
1989 986
1990 866
1991 5384
1992 4384
1993 4865
1994 302
1995 6187
1996 3528
1997 9306
1998 115
1999 5940
2000 5855
2001 6964
2002 350
2003 3128
2004 2016
2005 9000
2006 2707
2007 908
2008 9599
2009 3370
2010 2156
2011 51
2012 3661
2013 2160
2014 8282
2015 5446
2016 1603
2017 3226
2018 5143
2019 6576
2020 6190
2021 7798
2022 9625
2023 6093
2024 3375
2025 4533
2026 3942
2027 1950
2028 7
2029 27
2030 4080
2031 567
2032 5135
2033 6555
2034 4685
2035 7407
2036 5644
2037 5672
2038 4708
2039 3394
2040 8486
2041 5508
2042 3721
2043 3394
2044 4654
2045 10
2046 3046
2047 9775
2048 3674
2049 8338
2050 8328
2051 9182
2052 3820
2053 6956
2054 5209
2055 2169
2056 5249
2057 4285
2058 1009
2059 1486
2060 3261
2061 4284
2062 3584
2063 4420
2064 8301
2065 8406
2066 3737
2067 5471
2068 6423
2069 6175
2070 7777
2071 8307
2072 5254
2073 9850
2074 2626
2075 2450
2076 3340
2077 5381
2078 4487
2079 9967
2080 7217
2081 7256
2082 9599
2083 2735
2084 7133
2085 3971
2086 5566
2087 2559
2088 8062
2089 5221
2090 2053
2091 5661
2092 8707
2093 4055
2094 2549
2095 3345
2096 9343
2097 997
2098 9416
2099 6584
2100 3143
2101 7648
2102 356
2103 4282
2104 7267
2105 1266
2106 987
2107 9892
2108 8031
2109 1950
2110 6088
2111 202
2112 5844
2113 8381
2114 2610
2115 5487
2116 8258
2117 6348
2118 3689
2119 5303
2120 3043
2121 9890
2122 9217
2123 5309
2124 6084
2125 666
2126 3348
2127 7434
2128 5572
2129 2311
2130 654
2131 5139
2132 9111
2133 7349
2134 6694
2135 9492
2136 1364
2137 2151
2138 6574
2139 980
2140 3858
2141 2912
2142 8535
2143 2970
2144 8479
2145 3856
2146 9832
2147 4948
2148 2873
2149 1124
2150 1622
2151 6449
2152 6242
2153 5164
2154 6058
2155 2611
2156 4211
2157 6944
2158 8009
2159 9327
2160 6511
2161 2061
2162 8496
2163 8124
2164 5874
2165 1105
2166 348
2167 4658
2168 2722
2169 803
2170 6760
2171 1685
2172 8192
2173 6848
2174 1929
2175 4545
2176 2159
2177 3564
2178 4297
2179 87
2180 531
2181 2472
2182 5805
2183 7850
2184 3986
2185 8344
2186 3686
2187 5960
2188 8197
2189 716
2190 4888
2191 5219
2192 5035
2193 6200
2194 3015
2195 3425
2196 3905
2197 3777
2198 732
2199 5547
2200 5113
2201 6165
2202 2970
2203 8690
2204 5839
2205 1259
2206 8661
2207 3234
2208 4197
2209 5952
2210 1887
2211 799
2212 9618
2213 2060
2214 1432
2215 99
2216 2895
2217 9393
2218 6678
2219 9013
2220 2031
2221 8799
2222 8967
2223 2105
2224 4618
2225 4057
2226 3320
2227 8859
2228 7212
2229 1525
2230 7732
2231 679
2232 6943
2233 9682
2234 3030
2235 2275
2236 9053
2237 2510
2238 5709
2239 3415
2240 6423
2241 6111
2242 283
2243 5332
2244 4472
2245 4502
2246 3071
2247 5149
2248 1646
2249 4187
2250 1430
2251 6849
2252 8261
2253 7333
2254 375
2255 2688
2256 1923
2257 3878
2258 9715
2259 1299
2260 2642
2261 2954
2262 8843
2263 536
2264 2884
2265 1206
2266 806
2267 9068
2268 3101
2269 7663
2270 4379
2271 2381
2272 5661
2273 9288
2274 5920
2275 3528
2276 7385
2277 2071
2278 6510
2279 4137
2280 3103
2281 2057
2282 8555
2283 5397
2284 7989
2285 8021
2286 5826
2287 5055
2288 1593
2289 8232
2290 5384
2291 7098
2292 936
2293 2607
2294 9980
2295 3622
2296 1192
2297 3592
2298 2993
2299 2581
2300 6966
2301 2383
2302 5487
2303 6375
2304 3661
2305 9084
2306 9763
2307 9318
2308 2143
2309 4078
2310 4233
2311 4412
2312 3821
2313 1058
2314 3102
2315 9784
2316 1467
2317 9364
2318 5216
2319 5390
2320 546
2321 4060
2322 8662
2323 4063
2324 619
2325 3078
2326 4183
2327 6271
2328 8341
2329 8986
2330 5183
2331 61
2332 1871
2333 1426
2334 3167
2335 7633
2336 7130
2337 6253
2338 652
2339 1525
2340 4977
2341 2562
2342 8229
2343 7975
2344 1064
2345 9727
2346 9564
2347 9192
2348 3869
2349 315
2350 995
2351 3432
2352 5765
2353 3607
2354 7510
2355 7060
2356 5060
2357 6098
2358 9922
2359 6332
2360 4456
2361 2950
2362 3920
2363 3090
2364 6509
2365 4076
2366 5613
2367 5364
2368 887
2369 686
2370 8263
2371 2656
2372 1558
2373 8082
2374 1262
2375 9190
2376 4230
2377 7814
2378 2283
2379 5887
2380 7042
2381 7346
2382 3735
2383 2103
2384 1741
2385 4851
2386 7376
2387 1631
2388 5004
2389 3657
2390 8050
2391 1226
2392 3879
2393 9146
2394 3257
2395 1975
2396 8947
2397 3998
2398 2594
2399 4723
2400 289
2401 8901
2402 845
2403 5804
2404 2176
2405 722
2406 5280
2407 7618
2408 3660
2409 7753
2410 2849
2411 3003
2412 997
2413 9412
2414 5226
2415 3657
2416 6712
2417 3110
2418 6254
2419 4297
2420 2363
2421 8696
2422 2966
2423 1120
2424 658
2425 2607
2426 8964
2427 1657
2428 4078
2429 7793
2430 570
2431 2758
2432 3538
2433 8166
2434 4724
2435 6459
2436 4369
2437 5940
2438 9152
2439 5539
2440 8723
2441 1731
2442 8703
2443 1769
2444 6352
2445 500
2446 1302
2447 3730
2448 3188
2449 734
2450 94
2451 857
2452 1700
2453 7079
2454 4247
2455 9956
2456 6698
2457 8618
2458 6803
2459 1167
2460 7566
2461 5898
2462 7885
2463 894
2464 6178
2465 9392
2466 8458
2467 6248
2468 2829
2469 128
2470 7032
2471 9877
2472 9268
2473 7944
2474 3906
2475 6742
2476 3118
2477 5638
2478 3318
2479 890
2480 8415
2481 3518
2482 1168
2483 4158
2484 5450
2485 2923
2486 3332
2487 3752
2488 2027
2489 7933
2490 4506
2491 1680
2492 5323
2493 7683
2494 313
2495 657
2496 9512
2497 6502
2498 9400
2499 7779
2500 6603
2501 5633
2502 1544
2503 3256
2504 1012
2505 5809
2506 4904
2507 8995
2508 1052
2509 5446
2510 1439
2511 6398
2512 5679
2513 3872
2514 820
2515 8244
2516 5750
2517 6263
2518 4660
2519 8917
2520 175
2521 9397
2522 8376
2523 4627
2524 2703
2525 1633
2526 6818
2527 3271
2528 6221
2529 3108
2530 5484
2531 7284
2532 5145
2533 146
2534 5729
2535 4424
2536 8462
2537 3123
2538 6320
2539 2500
2540 4172
2541 1148
2542 7988
2543 8643
2544 8609
2545 6371
2546 2566
2547 6498
2548 7825
2549 4626
2550 1577
2551 5350
2552 75
2553 7810
2554 3778
2555 6902
2556 5423
2557 4708
2558 2548
2559 1064
2560 3906
2561 921
2562 8848
2563 6818
2564 3145
2565 8850
2566 9896
2567 4788
2568 390
2569 7764
2570 1426
2571 6258
2572 4104
2573 3870
2574 8778
2575 2175
2576 8901
2577 8779
2578 6056
2579 927
2580 3708
2581 1749
2582 7175
2583 3390
2584 5110
2585 6835
2586 1233
2587 7168
2588 9845
2589 1049
2590 542
2591 3132
2592 2117
2593 3609
2594 6793
2595 6925
2596 3761
2597 293
2598 5941
2599 9599
2600 702
2601 5873
2602 8759
2603 7685
2604 304
2605 5146
2606 1904
2607 1832
2608 7296
2609 8971
2610 7204
2611 5058
2612 8305
2613 2738
2614 9187
2615 9392
2616 1562
2617 3712
2618 2997
2619 1318
2620 6129
2621 7137
2622 7497
2623 7351
2624 212
2625 8755
2626 2898
2627 7869
2628 4038
2629 3630
2630 2291
2631 4075
2632 4405
2633 2578
2634 7951
2635 4524
2636 5961
2637 7923
2638 1714
2639 9357
2640 8178
2641 8285
2642 6137
2643 4810
2644 9427
2645 6205
2646 5666
2647 2080
2648 691
2649 7696
2650 4065
2651 3449
2652 7243
2653 8279
2654 6098
2655 5284
2656 3824
2657 7778
2658 2214
2659 1275
2660 1078
2661 9940
2662 2767
2663 3627
2664 6699
2665 67
2666 9990
2667 6223
2668 4330
2669 2758
2670 7103
2671 477
2672 5742
2673 9384
2674 9669
2675 3407
2676 4962
2677 4949
2678 4163
2679 4827
2680 3048
2681 9901
2682 4529
2683 7611
2684 7804
2685 7996
2686 8591
2687 7255
2688 9182
2689 4158
2690 7350
2691 4091
2692 4284
2693 7790
2694 3363
2695 4580
2696 3708
2697 387
2698 5926
2699 899
2700 1314
2701 4426
2702 3463
2703 9148
2704 2524
2705 1750
2706 8353
2707 4715
2708 4314
2709 1359
2710 3196
2711 711
2712 9560
2713 4027
2714 2106
2715 2760
2716 967
2717 2811
2718 5187
2719 1991
2720 6218
2721 6375
2722 7672
2723 8849
2724 6363
2725 4881
2726 470
2727 6816
2728 151
2729 9457
2730 7642
2731 5291
2732 3047
2733 63
2734 3816
2735 1534
2736 3080
2737 3629
2738 4114
2739 4781
2740 5178
2741 5491
2742 6089
2743 7974
2744 9156
2745 7043
2746 6589
2747 4884
2748 4747
2749 4042
2750 3413
2751 734
2752 5143
2753 4966
2754 2160
2755 5277
2756 960
2757 2727
2758 54
2759 4557
2760 5497
2761 4687
2762 3056
2763 3855
2764 6403
2765 8941
2766 4728
2767 3414
2768 4655
2769 1861
2770 1970
2771 5155
2772 9244
2773 7559
2774 439
2775 1578
2776 9457
2777 538
2778 5635
2779 622
2780 8712
2781 3882
2782 9022
2783 7671
2784 1771
2785 6337
2786 1460
2787 3798
2788 3459
2789 3406
2790 5411
2791 8514
2792 1401
2793 5932
2794 4796
2795 9746
2796 5724
2797 1201
2798 1153
2799 2358
2800 6754
2801 803
2802 2723
2803 8944
2804 3684
2805 9367
2806 86
2807 1392
2808 9407
2809 6503
2810 4366
2811 5543
2812 4101
2813 399
2814 1848
2815 8277
2816 5016
2817 4696
2818 7368
2819 7272
2820 5964
2821 1731
2822 7667
2823 3970
2824 4794
2825 7363
2826 737
2827 1784
2828 2500
2829 1680
2830 9924
2831 7551
2832 6501
2833 135
2834 9156
2835 5540
2836 7381
2837 5302
2838 2827
2839 7630
2840 2736
2841 6993
2842 6898
2843 9885
2844 8225
2845 6025
2846 7089
2847 8605
2848 7402
2849 8455
2850 4623
2851 7742
2852 1206
2853 727
2854 7906
2855 8279
2856 9596
2857 6197
2858 8107
2859 3039
2860 3261
2861 4328
2862 5830
2863 3923
2864 9055
2865 3515
2866 1879
2867 8338
2868 1456
2869 6598
2870 4730
2871 8893
2872 6393
2873 6938
2874 3559
2875 6586
2876 9876
2877 9283
2878 3759
2879 239
2880 450
2881 6785
2882 6458
2883 1012
2884 6579
2885 3718
2886 9670
2887 7956
2888 150
2889 8076
2890 8753
2891 5785
2892 3782
2893 2233
2894 6334
2895 6519
2896 2040
2897 852
2898 7811
2899 2229
2900 4501
2901 9620
2902 2622
2903 3128
2904 4095
2905 3715
2906 2567
2907 102
2908 2870
2909 7136
2910 1842
2911 379
2912 9422
2913 8070
2914 4598
2915 8320
2916 1718
2917 2511
2918 2193
2919 8526
2920 422
2921 8596
2922 106
2923 9940
2924 3807
2925 9299
2926 4542
2927 6775
2928 7965
2929 4158
2930 6402
2931 585
2932 148
2933 5526
2934 9800
2935 524
2936 7227
2937 5324
2938 3270
2939 1818
2940 5750
2941 6284
2942 7300
2943 5499
2944 9396
2945 415
2946 6576
2947 5094
2948 1874
2949 2344
2950 6803
2951 3551
2952 130
2953 2425
2954 5003
2955 4755
2956 1928
2957 4593
2958 199
2959 8808
2960 5234
2961 7515
2962 7538
2963 7739
2964 4421
2965 6604
2966 7300
2967 7228
2968 1663
2969 915
2970 6706
2971 4255
2972 1402
2973 3684
2974 6356
2975 5655
2976 926
2977 7036
2978 3083
2979 9506
2980 5106
2981 5456
2982 1156
2983 3207
2984 2353
2985 8030
2986 6931
2987 1203
2988 6138
2989 562
2990 5404
2991 3191
2992 4620
2993 5840
2994 2810
2995 5884
2996 2500
2997 2340
2998 5818
2999 5165
3000 1163
3001 4755
3002 2262
3003 7142
3004 6175
3005 4051
3006 9746
3007 10
3008 6669
3009 7313
3010 8343
3011 6898
3012 1313
3013 9634
3014 654
3015 6946
3016 8621
3017 7718
3018 2701
3019 1255
3020 5046
3021 5549
3022 1794
3023 3504
3024 8182
3025 7328
3026 9439
3027 6089
3028 8920
3029 8365
3030 5132
3031 4878
3032 9089
3033 7001
3034 2013
3035 4731
3036 4897
3037 5220
3038 5199
3039 6689
3040 4441
3041 51
3042 3285
3043 4164
3044 1674
3045 8767
3046 3185
3047 6836
3048 6185
3049 5008
3050 4916
3051 9087
3052 6562
3053 1905
3054 7306
3055 9201
3056 8213
3057 9262
3058 2233
3059 5133
3060 3831
3061 3971
3062 9706
3063 6356
3064 8147
3065 9255
3066 2909
3067 5440
3068 7991
3069 1892
3070 3672
3071 9316
3072 3977
3073 2486
3074 4440
3075 692
3076 9938
3077 5988
3078 9347
3079 3106
3080 9292
3081 5581
3082 9098
3083 1576
3084 5526
3085 1423
3086 7501
3087 3526
3088 3489
3089 588
3090 833
3091 8276
3092 2407
3093 7297
3094 8483
3095 8864
3096 2378
3097 7585
3098 6385
3099 4671
3100 8621
3101 6285
3102 9007
3103 5544
3104 1719
3105 7777
3106 2684
3107 3805
3108 6506
3109 5271
3110 1290
3111 265
3112 717
3113 9272
3114 2187
3115 7573
3116 1293
3117 2876
3118 9557
3119 6276
3120 1048
3121 8204
3122 5553
3123 9898
3124 1433
3125 3015
3126 4749
3127 5352
3128 9676
3129 9078
3130 1917
3131 5309
3132 7815
3133 9338
3134 7476
3135 8596
3136 1788
3137 8020
3138 3781
3139 94
3140 3640
3141 4797
3142 6702
3143 7044
3144 1585
3145 6578
3146 9750
3147 5543
3148 8110
3149 2136
3150 3771
3151 3826
3152 2784
3153 3732
3154 9532
3155 3123
3156 3444
3157 8439
3158 1060
3159 3362
3160 6326
3161 6807
3162 1523
3163 269
3164 8828
3165 6559
3166 7399
3167 4225
3168 1068
3169 6821
3170 6848
3171 4870
3172 9469
3173 5861
3174 4587
3175 6581
3176 749
3177 5986
3178 1775
3179 7060
3180 3582
3181 5968
3182 8853
3183 5219
3184 5177
3185 5787
3186 3931
3187 9211
3188 4171
3189 3229
3190 3296
3191 9537
3192 7546
3193 4676
3194 7869
3195 3083
3196 6432
3197 5549
3198 1867
3199 5024
3200 9098
3201 3267
3202 7946
3203 897
3204 9929
3205 5885
3206 275
3207 7369
3208 9483
3209 7984
3210 258
3211 7968
3212 5535
3213 7493
3214 9988
3215 700
3216 6885
3217 2216
3218 2965
3219 9951
3220 461
3221 1761
3222 9461
3223 75
3224 6549
3225 7248
3226 2302
3227 2690
3228 7145
3229 6385
3230 814
3231 1766
3232 7677
3233 3055
3234 6949
3235 9308
3236 5835
3237 8973
3238 1667
3239 9491
3240 8791
3241 3440
3242 4059
3243 1004
3244 9339
3245 569
3246 2764
3247 6046
3248 2144
3249 3252
3250 1279
3251 9509
3252 3551
3253 6540
3254 7425
3255 5411
3256 6368
3257 2310
3258 197
3259 3870
3260 1052
3261 4354
3262 7762
3263 3556
3264 7269
3265 9413
3266 9357
3267 6195
3268 8050
3269 2100
3270 5205
3271 8474
3272 5116
3273 8820
3274 4913
3275 6033
3276 5194
3277 9705
3278 5714
3279 7521
3280 4858
3281 6851
3282 962
3283 547
3284 9998
3285 9447
3286 5178
3287 7905
3288 2608
3289 6948
3290 1258
3291 6934
3292 3690
3293 1630
3294 2379
3295 5711
3296 6133
3297 7141
3298 3228
3299 1267
3300 6944
3301 5996
3302 6041
3303 5071
3304 1743
3305 6904
3306 9080
3307 5129
3308 6002
3309 9882
3310 1227
3311 600
3312 224
3313 1836
3314 325
3315 4594
3316 243
3317 7471
3318 215
3319 7190
3320 5795
3321 8569
3322 4637
3323 9992
3324 8487
3325 9478
3326 7371
3327 5902
3328 5680
3329 2271
3330 2534
3331 2299
3332 7718
3333 5627
3334 4938
3335 8820
3336 4304
3337 1406
3338 5645
3339 6372
3340 6566
3341 252
3342 2745
3343 8936
3344 8281
3345 8702
3346 3895
3347 58
3348 2195
3349 4885
3350 9627
3351 1412
3352 4007
3353 9448
3354 5296
3355 8722
3356 6838
3357 4024
3358 131
3359 8328
3360 964
3361 2982
3362 4690
3363 2079
3364 10000
3365 6825
3366 2666
3367 2645
3368 3689
3369 9605
3370 4660
3371 4121
3372 3646
3373 1334
3374 1199
3375 1398
3376 5613
3377 9277
3378 6551
3379 7873
3380 5520
3381 7367
3382 721
3383 8413
3384 1864
3385 9418
3386 4029
3387 2974
3388 7673
3389 7673
3390 6446
3391 191
3392 5805
3393 5294
3394 7869
3395 332
3396 1316
3397 6244
3398 6491
3399 9404
3400 2180
3401 5978
3402 329
3403 5846
3404 5490
3405 2679
3406 5156
3407 9809
3408 5345
3409 6830
3410 2546
3411 7589
3412 4984
3413 5340
3414 7594
3415 2117
3416 3064
3417 8741
3418 8241
3419 9076
3420 2609
3421 2901
3422 6940
3423 5130
3424 9531
3425 868
3426 4477
3427 8221
3428 9869
3429 8670
3430 7618
3431 700
3432 3789
3433 5104
3434 3115
3435 1071
3436 1034
3437 5454
3438 3424
3439 1207
3440 7072
3441 5500
3442 6005
3443 330
3444 4680
3445 7194
3446 5794
3447 4366
3448 3552
3449 9950
3450 7389
3451 1639
3452 5877
3453 8255
3454 5544
3455 4210
3456 8135
3457 4359
3458 4798
3459 7114
3460 56
3461 4432
3462 294
3463 8161
3464 3403
3465 4285
3466 9134
3467 4927
3468 7207
3469 7168
3470 9519
3471 8596
3472 3998
3473 6470
3474 9852
3475 3258
3476 5729
3477 4821
3478 9000
3479 678
3480 8178
3481 4052
3482 8960
3483 7833
3484 6440
3485 9009
3486 3247
3487 2336
3488 1592
3489 5624
3490 4498
3491 8100
3492 2215
3493 325
3494 4215
3495 9621
3496 4527
3497 6156
3498 3195
3499 7106
3500 6188
3501 5917
3502 7072
3503 923
3504 5601
3505 6161
3506 1839
3507 2240
3508 1969
3509 9977
3510 7537
3511 5057
3512 7500
3513 7139
3514 2015
3515 9145
3516 258
3517 7851
3518 7654
3519 3877
3520 9776
3521 2855
3522 4685
3523 8310
3524 8058
3525 520
3526 6689
3527 8960
3528 124
3529 8529
3530 5293
3531 9424
3532 3550
3533 5058
3534 5349
3535 6768
3536 5529
3537 2190
3538 6021
3539 1271
3540 5225
3541 7333
3542 8825
3543 5792
3544 9342
3545 522
3546 3993
3547 6623
3548 6825
3549 4361
3550 2559
3551 9207
3552 4379
3553 3865
3554 9908
3555 9081
3556 970
3557 6302
3558 6294
3559 1678
3560 1891
3561 3174
3562 4810
3563 9769
3564 2554
3565 8422
3566 5138
3567 6896
3568 7088
3569 4480
3570 9693
3571 119
3572 6711
3573 6020
3574 2784
3575 5068
3576 6361
3577 5001
3578 2946
3579 1388
3580 2232
3581 7200
3582 1285
3583 6075
3584 1588
3585 1477
3586 9668
3587 4274
3588 5678
3589 3239
3590 3168
3591 7030
3592 1930
3593 4067
3594 8991
3595 372
3596 8112
3597 9458
3598 1881
3599 8285
3600 613
3601 6729
3602 767
3603 4608
3604 5225
3605 1968
3606 9881
3607 4304
3608 9639
3609 6079
3610 5241
3611 4230
3612 8327
3613 1969
3614 7226
3615 310
3616 285
3617 503
3618 1485
3619 7142
3620 7802
3621 7125
3622 9025
3623 9362
3624 1941
3625 6675
3626 7024
3627 799
3628 21
3629 8623
3630 6168
3631 3414
3632 5461
3633 6284
3634 4263
3635 5636
3636 4998
3637 4662
3638 7233
3639 5656
3640 8196
3641 7304
3642 8597
3643 6390
3644 2607
3645 7790
3646 8081
3647 2323
3648 9243
3649 9060
3650 1612
3651 8179
3652 8745
3653 78
3654 5691
3655 6185
3656 1194
3657 5611
3658 297
3659 6203
3660 3762
3661 2118
3662 1966
3663 819
3664 6592
3665 305
3666 2647
3667 7653
3668 2576
3669 133
3670 9835
3671 3239
3672 9878
3673 9050
3674 2508
3675 9364
3676 2928
3677 8731
3678 1284
3679 9099
3680 6393
3681 610
3682 9157
3683 5282
3684 6709
3685 8252
3686 1088
3687 359
3688 9598
3689 1218
3690 575
3691 2712
3692 3193
3693 7986
3694 1516
3695 442
3696 7116
3697 3010
3698 9689
3699 9226
3700 7056
3701 1460
3702 9283
3703 7609
3704 413
3705 6628
3706 6356
3707 2552
3708 1444
3709 8012
3710 8002
3711 5993
3712 3333
3713 6318
3714 551
3715 7864
3716 2757
3717 7456
3718 5186
3719 2038
3720 782
3721 1611
3722 6613
3723 6610
3724 4618
3725 4534
3726 7202
3727 9987
3728 1316
3729 357
3730 1834
3731 1103
3732 1497
3733 3548
3734 6313
3735 35
3736 9429
3737 5082
3738 7705
3739 7721
3740 256
3741 1275
3742 6684
3743 6296
3744 3029
3745 2758
3746 8512
3747 8694
3748 3286
3749 4869
3750 9871
3751 3309
3752 1892
3753 5490
3754 9796
3755 2814
3756 9967
3757 8085
3758 8135
3759 8434
3760 1244
3761 9435
3762 1282
3763 7653
3764 4277
3765 1953
3766 4711
3767 59
3768 5210
3769 63
3770 3501
3771 1029
3772 4852
3773 6776
3774 4837
3775 3015
3776 154
3777 5917
3778 8449
3779 6577
3780 5041
3781 3926
3782 5742
3783 6054
3784 3642
3785 5836
3786 3779
3787 9865
3788 9873
3789 2718
3790 6439
3791 2097
3792 5861
3793 6556
3794 1652
3795 658
3796 954
3797 1847
3798 8378
3799 1210
3800 4078
3801 382
3802 5046
3803 5825
3804 5111
3805 3892
3806 8123
3807 341
3808 2234
3809 69
3810 7403
3811 93
3812 1484
3813 4553
3814 973
3815 2039
3816 8281
3817 5275
3818 2965
3819 4455
3820 4957
3821 6427
3822 1314
3823 8544
3824 6172
3825 2082
3826 557
3827 7278
3828 748
3829 105
3830 8112
3831 8588
3832 4603
3833 3046
3834 3418
3835 3488
3836 6548
3837 5311
3838 3439
3839 3407
3840 9457
3841 7283
3842 6680
3843 8626
3844 1113
3845 1243
3846 2644
3847 2403
3848 1403
3849 766
3850 5916
3851 5772
3852 4816
3853 3251
3854 4988
3855 4764
3856 6652
3857 7528
3858 2997
3859 5405
3860 7373
3861 8819
3862 1172
3863 4950
3864 6143
3865 662
3866 6589
3867 8603
3868 6026
3869 9112
3870 6191
3871 6195
3872 7299
3873 8486
3874 6018
3875 56
3876 8433
3877 8703
3878 6103
3879 8403
3880 3699
3881 5542
3882 7035
3883 7020
3884 1071
3885 8232
3886 2904
3887 628
3888 693
3889 5444
3890 2743
3891 173
3892 6224
3893 2118
3894 9196
3895 1525
3896 8434
3897 2797
3898 178
3899 3898
3900 3225
3901 3602
3902 5573
3903 308
3904 8347
3905 8402
3906 3105
3907 833
3908 7890
3909 1747
3910 3841
3911 1344
3912 7879
3913 7983
3914 8008
3915 633
3916 5643
3917 4813
3918 7685
3919 5226
3920 2243
3921 1542
3922 4385
3923 3324
3924 5547
3925 9651
3926 6396
3927 9521
3928 2288
3929 395
3930 6592
3931 9234
3932 4385
3933 4055
3934 4616
3935 9586
3936 115
3937 2719
3938 1728
3939 4058
3940 3556
3941 8302
3942 9416
3943 1872
3944 9227
3945 9305
3946 6581
3947 7011
3948 3806
3949 3915
3950 4276
3951 7594
3952 359
3953 4603
3954 2840
3955 6800
3956 8340
3957 5841
3958 420
3959 158
3960 7405
3961 4564
3962 3190
3963 6787
3964 1958
3965 9470
3966 8676
3967 6904
3968 3815
3969 9693
3970 1493
3971 9062
3972 2884
3973 2584
3974 2169
3975 3177
3976 8169
3977 4252
3978 2366
3979 2908
3980 7669
3981 5806
3982 4029
3983 7140
3984 1388
3985 7215
3986 4244
3987 2223
3988 9497
3989 1174
3990 4582
3991 9676
3992 1335
3993 4353
3994 1989
3995 3366
3996 8135
3997 6715
3998 9577
3999 5575
4000 538
4001 1364
4002 5059
4003 9926
4004 4893
4005 6559
4006 9960
4007 220
4008 4171
4009 2676
4010 3157
4011 1621
4012 1379
4013 7456
4014 2685
4015 6363
4016 2595
4017 4756
4018 4994
4019 6071
4020 2446
4021 5150
4022 4185
4023 9786
4024 7736
4025 9089
4026 9457
4027 380
4028 5985
4029 710
4030 8538
4031 3790
4032 829
4033 2551
4034 9961
4035 8925
4036 6984
4037 6211
4038 450
4039 9199
4040 535
4041 2258
4042 5463
4043 9947
4044 2168
4045 4945
4046 8103
4047 5666
4048 5280
4049 7629
4050 3708
4051 2727
4052 4048
4053 8343
4054 6805
4055 3484
4056 6003
4057 5947
4058 8310
4059 9487
4060 4545
4061 93
4062 1337
4063 2486
4064 4962
4065 1653
4066 4899
4067 3649
4068 406
4069 2713
4070 8196
4071 2272
4072 1560
4073 2654
4074 7985
4075 5622
4076 2697
4077 3366
4078 8994
4079 6821
4080 8211
4081 4388
4082 2340
4083 4576
4084 7933
4085 4781
4086 4538
4087 1964
4088 5226
4089 9009
4090 3017
4091 4551
4092 7906
4093 192
4094 7948
4095 1437
4096 3315
4097 8035
4098 28
4099 7217
4100 853
4101 3307
4102 8092
4103 5337
4104 3991
4105 9608
4106 7369
4107 2325
4108 1438
4109 1045
4110 803
4111 7479
4112 2169
4113 3459
4114 8171
4115 4688
4116 8608
4117 2116
4118 9673
4119 2984
4120 1867
4121 4442
4122 1150
4123 4605
4124 9893
4125 6272
4126 5804
4127 6833
4128 1780
4129 8545
4130 7280
4131 6796
4132 5570
4133 6285
4134 1715
4135 7893
4136 3614
4137 262
4138 5631
4139 8913
4140 1396
4141 9085
4142 5313
4143 7112
4144 4963
4145 2521
4146 1393
4147 4225
4148 4018
4149 9483
4150 7480
4151 677
4152 4889
4153 6575
4154 3686
4155 1214
4156 5814
4157 8178
4158 7547
4159 9240
4160 654
4161 5114
4162 4332
4163 8328
4164 833
4165 8814
4166 7125
4167 5521
4168 3819
4169 5630
4170 2465
4171 9571
4172 8743
4173 1253
4174 4429
4175 831
4176 4819
4177 4102
4178 2330
4179 4221
4180 7065
4181 9251
4182 2573
4183 5267
4184 8917
4185 1905
4186 3451
4187 9066
4188 8110
4189 1649
4190 5318
4191 4147
4192 38
4193 8932
4194 34
4195 2742
4196 2424
4197 777
4198 9700
4199 4339
4200 7065
4201 2859
4202 2730
4203 7618
4204 7736
4205 2763
4206 9690
4207 8877
4208 8659
4209 5142
4210 144
4211 5195
4212 82
4213 1240
4214 5582
4215 3630
4216 4115
4217 8471
4218 4114
4219 8608
4220 3914
4221 7937
4222 9833
4223 8185
4224 670
4225 159
4226 7266
4227 9588
4228 1792
4229 9584
4230 5455
4231 5521
4232 323
4233 6503
4234 1082
4235 1032
4236 2637
4237 8948
4238 9084
4239 3041
4240 4006
4241 9977
4242 6385
4243 2434
4244 7777
4245 6437
4246 3429
4247 8958
4248 5194
4249 865
4250 4561
4251 1009
4252 3498
4253 4759
4254 8997
4255 8936
4256 5566
4257 4321
4258 138
4259 3067
4260 1474
4261 2062
4262 5776
4263 409
4264 1760
4265 8856
4266 304
4267 111
4268 5569
4269 1012
4270 9803
4271 9358
4272 1768
4273 6356
4274 257
4275 8870
4276 1660
4277 3086
4278 8461
4279 8855
4280 2037
4281 6660
4282 5482
4283 9200
4284 5968
4285 5919
4286 7967
4287 6544
4288 7581
4289 7700
4290 9749
4291 5997
4292 1762
4293 5470
4294 3343
4295 1553
4296 7821
4297 4147
4298 4733
4299 8220
4300 5147
4301 8332
4302 4795
4303 7153
4304 2656
4305 1785
4306 9601
4307 6443
4308 1208
4309 1813
4310 5831
4311 2734
4312 3325
4313 5101
4314 9886
4315 5391
4316 8362
4317 2617
4318 7108
4319 5109
4320 8534
4321 1984
4322 4722
4323 6056
4324 8253
4325 5630
4326 2903
4327 2820
4328 191
4329 4910
4330 7888
4331 2952
4332 1139
4333 8200
4334 2877
4335 6712
4336 9003
4337 7751
4338 7822
4339 3514
4340 5900
4341 343
4342 9520
4343 4761
4344 3721
4345 747
4346 559
4347 3653
4348 2164
4349 7783
4350 2232
4351 9371
4352 8380
4353 2659
4354 1724
4355 5138
4356 9541
4357 1227
4358 1987
4359 6358
4360 5662
4361 6497
4362 4674
4363 158
4364 4117
4365 753
4366 9841
4367 111
4368 493
4369 8520
4370 6398
4371 3258
4372 3103
4373 4510
4374 44
4375 5311
4376 6088
4377 8998
4378 8743
4379 1843
4380 3483
4381 654
4382 1159
4383 5552
4384 1984
4385 4328
4386 2925
4387 277
4388 3489
4389 5547
4390 8629
4391 8392
4392 6086
4393 3379
4394 6629
4395 2776
4396 6137
4397 5443
4398 3120
4399 8281
4400 2619
4401 1812
4402 5795
4403 9677
4404 3223
4405 5254
4406 6893
4407 994
4408 7495
4409 5334
4410 628
4411 4629
4412 6253
4413 6446
4414 3431
4415 4582
4416 2175
4417 6700
4418 3188
4419 3298
4420 2130
4421 1972
4422 5916
4423 804
4424 5758
4425 2088
4426 7251
4427 5470
4428 3529
4429 9787
4430 6984
4431 1650
4432 3997
4433 6529
4434 8673
4435 8193
4436 1119
4437 9640
4438 3550
4439 69
4440 9304
4441 9859
4442 6989
4443 1020
4444 9006
4445 9257
4446 8983
4447 4175
4448 1155
4449 998
4450 6096
4451 2099
4452 1928
4453 3832
4454 1490
4455 5810
4456 262
4457 8488
4458 887
4459 8132
4460 1098
4461 7907
4462 3131
4463 5248
4464 4205
4465 2965
4466 7857
4467 4226
4468 2060
4469 4211
4470 8649
4471 4631
4472 6371
4473 7921
4474 3365
4475 4673
4476 6361
4477 7426
4478 2993
4479 5382
4480 8016
4481 5775
4482 7303
4483 5450
4484 7510
4485 995
4486 8807
4487 2099
4488 9810
4489 2984
4490 4619
4491 7315
4492 4586
4493 937
4494 9626
4495 9811
4496 2354
4497 3831
4498 4113
4499 9883
4500 2714
4501 1308
4502 9087
4503 1261
4504 807
4505 2743
4506 9337
4507 7553
4508 686
4509 4311
4510 3858
4511 3286
4512 1664
4513 4105
4514 3027
4515 7605
4516 4464
4517 281
4518 5637
4519 975
4520 9111
4521 3440
4522 5033
4523 8374
4524 478
4525 8839
4526 5203
4527 4627
4528 4973
4529 2497
4530 667
4531 2356
4532 7508
4533 5836
4534 1989
4535 6790
4536 4218
4537 4450
4538 3606
4539 5078
4540 4453
4541 2111
4542 5368
4543 3015
4544 420
4545 7332
4546 6969
4547 4590
4548 9494
4549 987
4550 3142
4551 5810
4552 2780
4553 806
4554 542
4555 7062
4556 5335
4557 4915
4558 450
4559 8195
4560 3077
4561 7997
4562 8379
4563 6355
4564 9099
4565 4854
4566 6863
4567 5981
4568 4416
4569 3016
4570 8121
4571 4353
4572 6672
4573 5198
4574 4755
4575 1082
4576 1120
4577 7681
4578 5322
4579 6424
4580 3098
4581 9040
4582 5253
4583 452
4584 291
4585 5350
4586 207
4587 8628
4588 8343
4589 4957
4590 3339
4591 9423
4592 7670
4593 3561
4594 5608
4595 7569
4596 4492
4597 5691
4598 7821
4599 1143
4600 2614
4601 313
4602 1737
4603 1722
4604 1869
4605 9584
4606 9244
4607 4094
4608 2431
4609 6355
4610 8621
4611 540
4612 5379
4613 3572
4614 2400
4615 7476
4616 7665
4617 3944
4618 234
4619 9190
4620 4554
4621 2946
4622 6317
4623 1963
4624 1411
4625 6906
4626 2875
4627 2974
4628 4700
4629 607
4630 6593
4631 2067
4632 9361
4633 7013
4634 2226
4635 3307
4636 8453
4637 2603
4638 4498
4639 1193
4640 2728
4641 2747
4642 1332
4643 5895
4644 6295
4645 6027
4646 1053
4647 569
4648 677
4649 7273
4650 374
4651 1228
4652 5730
4653 2823
4654 6878
4655 3146
4656 9791
4657 9969
4658 8767
4659 4155
4660 9702
4661 2107
4662 7947
4663 2946
4664 1696
4665 2667
4666 3650
4667 8660
4668 838
4669 3383
4670 4680
4671 4706
4672 2901
4673 6477
4674 7864
4675 3419
4676 950
4677 554
4678 7945
4679 4918
4680 3711
4681 1163
4682 6457
4683 9137
4684 924
4685 2119
4686 1863
4687 8973
4688 3
4689 2485
4690 6185
4691 7269
4692 2476
4693 4508
4694 3841
4695 4439
4696 7314
4697 5979
4698 2627
4699 8018
4700 514
4701 7334
4702 6322
4703 2814
4704 281
4705 3099
4706 9672
4707 367
4708 7663
4709 7268
4710 3023
4711 7542
4712 2184
4713 4378
4714 6647
4715 8336
4716 232
4717 7802
4718 9543
4719 8278
4720 8863
4721 1091
4722 1630
4723 5043
4724 9062
4725 7771
4726 4769
4727 7479
4728 9312
4729 5563
4730 9423
4731 3483
4732 5713
4733 2371
4734 169
4735 1180
4736 6570
4737 2465
4738 2532
4739 7206
4740 2831
4741 5970
4742 8558
4743 1803
4744 8669
4745 7031
4746 9000
4747 3391
4748 2681
4749 9916
4750 2895
4751 6245
4752 1278
4753 5596
4754 7482
4755 2991
4756 8220
4757 2486
4758 1507
4759 3683
4760 2124
4761 1134
4762 125
4763 2781
4764 9685
4765 9923
4766 3109
4767 8501
4768 4341
4769 7081
4770 6062
4771 4165
4772 9463
4773 3396
4774 9188
4775 1447
4776 6073
4777 1335
4778 2543
4779 987
4780 5562
4781 4996
4782 3739
4783 8692
4784 4596
4785 9016
4786 4679
4787 2562
4788 9457
4789 2997
4790 9799
4791 9651
4792 649
4793 3504
4794 8442
4795 1081
4796 9349
4797 3282
4798 1450
4799 8368
4800 4991
4801 2517
4802 5551
4803 2778
4804 7675
4805 5368
4806 4880
4807 2447
4808 3669
4809 5717
4810 4908
4811 7972
4812 7029
4813 2716
4814 6977
4815 964
4816 4408
4817 8383
4818 3459
4819 3529
4820 1702
4821 6113
4822 6748
4823 9764
4824 5146
4825 4586
4826 6746
4827 9693
4828 5997
4829 6223
4830 571
4831 3192
4832 3127
4833 1593
4834 5131
4835 4383
4836 7921
4837 9471
4838 2993
4839 6980
4840 9577
4841 1033
4842 7102
4843 9933
4844 207
4845 2180
4846 4339
4847 6794
4848 866
4849 6273
4850 3963
4851 2657
4852 7081
4853 2860
4854 8585
4855 6609
4856 69
4857 2743
4858 3553
4859 3376
4860 282
4861 489
4862 3528
4863 8281
4864 2281
4865 8383
4866 2055
4867 1814
4868 1814
4869 4556
4870 9892
4871 8258
4872 5736
4873 8769
4874 2843
4875 6732
4876 2482
4877 7009
4878 8938
4879 8165
4880 3221
4881 2365
4882 514
4883 3151
4884 7265
4885 1822
4886 9519
4887 5934
4888 8577
4889 7526
4890 2646
4891 4114
4892 9803
4893 4870
4894 9707
4895 2564
4896 9560
4897 2850
4898 4331
4899 2870
4900 8635
4901 7026
4902 195
4903 8494
4904 9238
4905 6464
4906 2445
4907 7377
4908 1797
4909 5319
4910 4588
4911 1571
4912 2520
4913 2902
4914 4587
4915 5466
4916 271
4917 4568
4918 3585
4919 4469
4920 6194
4921 4431
4922 5797
4923 6526
4924 313
4925 9898
4926 4397
4927 8951
4928 6300
4929 1613
4930 5668
4931 7634
4932 1733
4933 2523
4934 7486
4935 6102
4936 7085
4937 9604
4938 1188
4939 1685
4940 40
4941 9121
4942 7306
4943 6668
4944 6800
4945 2885
4946 960
4947 8978
4948 4441
4949 814
4950 3832
4951 3597
4952 3254
4953 7416
4954 8924
4955 7246
4956 3102
4957 2594
4958 8892
4959 4897
4960 8728
4961 4755
4962 6918
4963 9727
4964 3271
4965 8085
4966 3168
4967 8604
4968 6591
4969 9295
4970 6836
4971 2603
4972 9558
4973 6001
4974 4299
4975 7812
4976 4405
4977 1718
4978 5880
4979 5837
4980 7182
4981 5654
4982 8840
4983 9219
4984 6134
4985 9874
4986 8497
4987 4174
4988 2259
4989 6462
4990 7164
4991 8372
4992 2214
4993 9907
4994 4163
4995 9787
4996 2703
4997 2570
4998 7425
4999 6113
5000 7834
5001 8178
5002 9808
5003 3477
5004 6361
5005 8711
5006 7236
5007 9609
5008 5518
5009 3366
5010 5094
5011 3257
5012 4623
5013 7196
5014 812
5015 4357
5016 1244
5017 7449
5018 5857
5019 5587
5020 1700
5021 9529
5022 5596
5023 1859
5024 2351
5025 620
5026 4807
5027 6890
5028 1597
5029 6823
5030 6278
5031 8819
5032 8367
5033 5774
5034 9956
5035 1495
5036 261
5037 6058
5038 1655
5039 4994
5040 3438
5041 6612
5042 7269
5043 9013
5044 2027
5045 9675
5046 1862
5047 6136
5048 8327
5049 6790
5050 7029
5051 664
5052 3818
5053 3039
5054 7727
5055 606
5056 9611
5057 994
5058 9982
5059 9512
5060 9959
5061 3756
5062 7629
5063 5444
5064 667
5065 448
5066 8309
5067 5310
5068 938
5069 3744
5070 265
5071 4953
5072 3580
5073 321
5074 5596
5075 6225
5076 778
5077 6492
5078 3814
5079 2545
5080 1038
5081 5949
5082 2100
5083 7793
5084 9068
5085 9434
5086 4801
5087 3183
5088 7227
5089 5612
5090 4274
5091 1791
5092 1879
5093 3366
5094 3995
5095 9333
5096 2231
5097 7858
5098 3668
5099 7701
5100 9879
5101 5475
5102 7204
5103 9549
5104 4988
5105 6833
5106 9687
5107 1198
5108 4994
5109 9845
5110 4836
5111 937
5112 1015
5113 6708
5114 9233
5115 1429
5116 2484
5117 1276
5118 535
5119 2125
5120 8391
5121 2013
5122 3864
5123 8042
5124 7609
5125 852
5126 1255
5127 293
5128 7954
5129 5476
5130 2631
5131 9428
5132 2418
5133 2426
5134 81
5135 3030
5136 2730
5137 4761
5138 9337
5139 2575
5140 31
5141 7227
5142 7062
5143 4309
5144 5562
5145 941
5146 9359
5147 5804
5148 8035
5149 1445
5150 9789
5151 2136
5152 2451
5153 274
5154 5130
5155 5113
5156 3621
5157 2400
5158 9882
5159 955
5160 9692
5161 6019
5162 8809
5163 2885
5164 6144
5165 1307
5166 3443
5167 5862
5168 834
5169 5382
5170 4881
5171 4763
5172 8128
5173 552
5174 8890
5175 6620
5176 9340
5177 4919
5178 8387
5179 8108
5180 5059
5181 1848
5182 9069
5183 4762
5184 5113
5185 6075
5186 2630
5187 4255
5188 3394
5189 5515
5190 4858
5191 6505
5192 7302
5193 5300
5194 4147
5195 5853
5196 8195
5197 4188
5198 381
5199 5918
5200 2950
5201 9850
5202 6511
5203 1567
5204 6208
5205 2714
5206 3412
5207 5931
5208 7758
5209 5360
5210 4733
5211 4568
5212 8589
5213 7420
5214 3483
5215 7589
5216 5724
5217 3559
5218 5153
5219 8917
5220 7614
5221 1828
5222 1055
5223 750
5224 9967
5225 9448
5226 3387
5227 42
5228 5994
5229 9666
5230 8912
5231 9997
5232 164
5233 4734
5234 9966
5235 3876
5236 268
5237 7177
5238 6106
5239 4156
5240 8453
5241 7508
5242 6602
5243 7952
5244 7339
5245 8421
5246 6577
5247 1921
5248 826
5249 6917
5250 7901
5251 7465
5252 3262
5253 3351
5254 6756
5255 7351
5256 7525
5257 4651
5258 661
5259 8704
5260 9129
5261 4387
5262 555
5263 1871
5264 4555
5265 6892
5266 4989
5267 1816
5268 4177
5269 3387
5270 2258
5271 4054
5272 193
5273 471
5274 1738
5275 5614
5276 5874
5277 2120
5278 3447
5279 4784
5280 6837
5281 2462
5282 875
5283 2477
5284 1724
5285 361
5286 6842
5287 5305
5288 4863
5289 1200
5290 8991
5291 3321
5292 5789
5293 7345
5294 9926
5295 6865
5296 5914
5297 8287
5298 5613
5299 5670
5300 2881
5301 7113
5302 9931
5303 5369
5304 4478
5305 1653
5306 3121
5307 8216
5308 4381
5309 1510
5310 7275
5311 6262
5312 7526
5313 5540
5314 1799
5315 4501
5316 8795
5317 6400
5318 8933
5319 9740
5320 542
5321 551
5322 5609
5323 857
5324 1858
5325 2895
5326 6824
5327 8001
5328 7940
5329 3653
5330 963
5331 5939
5332 3782
5333 6132
5334 7286
5335 3929
5336 7665
5337 8686
5338 2520
5339 8289
5340 4163
5341 9243
5342 5418
5343 1014
5344 9490
5345 4965
5346 5207
5347 8771
5348 4369
5349 5594
5350 4625
5351 1508
5352 5023
5353 3638
5354 9710
5355 6924
5356 6375
5357 2169
5358 1910
5359 1424
5360 3213
5361 4773
5362 6895
5363 3706
5364 8663
5365 7194
5366 5974
5367 557
5368 5184
5369 7454
5370 2171
5371 9439
5372 7149
5373 7192
5374 4487
5375 6187
5376 6828
5377 870
5378 5774
5379 8049
5380 819
5381 5417
5382 4185
5383 7862
5384 971
5385 1014
5386 9168
5387 3468
5388 5357
5389 7178
5390 806
5391 4989
5392 9451
5393 86
5394 6405
5395 4618
5396 5347
5397 7692
5398 9285
5399 2403
5400 5630
5401 3140
5402 6282
5403 3821
5404 4239
5405 6688
5406 5135
5407 9654
5408 8559
5409 353
5410 4193
5411 8452
5412 2222
5413 8468
5414 7171
5415 6228
5416 5133
5417 9242
5418 7367
5419 5135
5420 6919
5421 3076
5422 6456
5423 7862
5424 4780
5425 3663
5426 9392
5427 1192
5428 6895
5429 2333
5430 743
5431 5127
5432 6608
5433 153
5434 3198
5435 9835
5436 2915
5437 8582
5438 6764
5439 9077
5440 6707
5441 5981
5442 8196
5443 7374
5444 5909
5445 9205
5446 121
5447 7917
5448 9571
5449 3916
5450 5515
5451 4766
5452 6569
5453 4520
5454 281
5455 4386
5456 4306
5457 946
5458 844
5459 5632
5460 2226
5461 5938
5462 3988
5463 8107
5464 1626
5465 6696
5466 9602
5467 7914
5468 8005
5469 8846
5470 9165
5471 7262
5472 2272
5473 224
5474 8403
5475 2147
5476 940
5477 6879
5478 9395
5479 3342
5480 1962
5481 7514
5482 7679
5483 662
5484 3360
5485 3245
5486 396
5487 2872
5488 6500
5489 9876
5490 9884
5491 176
5492 8485
5493 4365
5494 4262
5495 1479
5496 3971
5497 6412
5498 9785
5499 3953
5500 3082
5501 9838
5502 8913
5503 5727
5504 5481
5505 5613
5506 678
5507 2236
5508 8918
5509 6742
5510 9513
5511 8234
5512 6100
5513 5613
5514 8418
5515 8449
5516 7490
5517 1855
5518 8276
5519 9680
5520 3535
5521 6181
5522 191
5523 4609
5524 6007
5525 6350
5526 1111
5527 6184
5528 1
5529 2416
5530 1001
5531 4307
5532 1307
5533 7295
5534 7541
5535 4174
5536 8562
5537 7011
5538 4668
5539 1284
5540 1512
5541 9537
5542 5961
5543 192
5544 1506
5545 5361
5546 7110
5547 4369
5548 7564
5549 9599
5550 7011
5551 760
5552 923
5553 7844
5554 9037
5555 8180
5556 6114
5557 859
5558 1449
5559 3060
5560 1200
5561 8477
5562 5591
5563 8686
5564 3708
5565 627
5566 5552
5567 4709
5568 4353
5569 5295
5570 7807
5571 2562
5572 5598
5573 3882
5574 5561
5575 1076
5576 2174
5577 5598
5578 5603
5579 8311
5580 5647
5581 7722
5582 3527
5583 5965
5584 2884
5585 4780
5586 9527
5587 7732
5588 3755
5589 1125
5590 4242
5591 8211
5592 5065
5593 9779
5594 3998
5595 880
5596 9990
5597 5393
5598 1545
5599 3003
5600 8044
5601 247
5602 429
5603 1578
5604 7421
5605 7640
5606 5776
5607 9807
5608 5009
5609 9062
5610 5575
5611 955
5612 4458
5613 7290
5614 8885
5615 6585
5616 9484
5617 2655
5618 9954
5619 7726
5620 5835
5621 1318
5622 1412
5623 4711
5624 3045
5625 8963
5626 1835
5627 7412
5628 5795
5629 8514
5630 5661
5631 2724
5632 2823
5633 5565
5634 8663
5635 127
5636 8788
5637 8037
5638 2904
5639 2058
5640 604
5641 1138
5642 2465
5643 7490
5644 3455
5645 2692
5646 5952
5647 9007
5648 6434
5649 4962
5650 3656
5651 4622
5652 5208
5653 6580
5654 2148
5655 8958
5656 1188
5657 905
5658 2959
5659 6252
5660 4326
5661 4054
5662 9688
5663 3845
5664 7731
5665 1746
5666 9511
5667 3174
5668 669
5669 2275
5670 9196
5671 550
5672 5519
5673 1478
5674 5407
5675 9452
5676 2959
5677 6027
5678 63
5679 1538
5680 7707
5681 9676
5682 6597
5683 6506
5684 8764
5685 9264
5686 7839
5687 4357
5688 1666
5689 5863
5690 5284
5691 7460
5692 4332
5693 7215
5694 2864
5695 606
5696 9694
5697 6702
5698 5969
5699 7240
5700 3743
5701 1633
5702 1359
5703 5120
5704 6311
5705 7612
5706 1211
5707 9598
5708 9456
5709 8314
5710 5335
5711 6122
5712 2077
5713 3196
5714 5590
5715 7994
5716 4297
5717 4987
5718 3731
5719 4819
5720 9794
5721 2079
5722 9484
5723 5691
5724 4985
5725 5620
5726 979
5727 7753
5728 7433
5729 2906
5730 8994
5731 9270
5732 6489
5733 4365
5734 4366
5735 3065
5736 3070
5737 8042
5738 3302
5739 9973
5740 7079
5741 3427
5742 2965
5743 1813
5744 464
5745 418
5746 7021
5747 675
5748 496
5749 4903
5750 6051
5751 783
5752 7127
5753 2834
5754 3011
5755 7664
5756 4677
5757 1546
5758 4410
5759 5855
5760 4288
5761 914
5762 1577
5763 9212
5764 9069
5765 8914
5766 4285
5767 4076
5768 4131
5769 1822
5770 4172
5771 2895
5772 2369
5773 993
5774 9200
5775 7296
5776 1360
5777 6200
5778 9640
5779 4600
5780 9368
5781 5281
5782 4810
5783 3779
5784 2495
5785 7116
5786 3538
5787 9922
5788 2723
5789 580
5790 8747
5791 4909
5792 7722
5793 2503
5794 6393
5795 464
5796 1480
5797 226
5798 8442
5799 2245
5800 4310
5801 9337
5802 6604
5803 2176
5804 3098
5805 7433
5806 2052
5807 8835
5808 1942
5809 4013
5810 4345
5811 7100
5812 2590
5813 9914
5814 5004
5815 7044
5816 8657
5817 6609
5818 1302
5819 2275
5820 9992
5821 5705
5822 2053
5823 8486
5824 9008
5825 362
5826 5145
5827 8552
5828 8776
5829 229
5830 6972
5831 3120
5832 7309
5833 8835
5834 7905
5835 3737
5836 4798
5837 20
5838 2019
5839 8774
5840 9950
5841 3668
5842 4134
5843 9147
5844 8939
5845 8444
5846 5979
5847 9299
5848 8346
5849 6051
5850 1941
5851 5325
5852 9778
5853 7293
5854 909
5855 9856
5856 2960
5857 2629
5858 2745
5859 8362
5860 7212
5861 7690
5862 3931
5863 6817
5864 2008
5865 747
5866 2953
5867 7702
5868 7426
5869 521
5870 9140
5871 1289
5872 8775
5873 6968
5874 8468
5875 6872
5876 2465
5877 7753
5878 6654
5879 2033
5880 9454
5881 4508
5882 1112
5883 2109
5884 6457
5885 3215
5886 4573
5887 2666
5888 8051
5889 9919
5890 5579
5891 2040
5892 5529
5893 6459
5894 5554
5895 9397
5896 8579
5897 5590
5898 4836
5899 2189
5900 1505
5901 4557
5902 1693
5903 3346
5904 4539
5905 787
5906 2544
5907 995
5908 5528
5909 9449
5910 4664
5911 2634
5912 7355
5913 1322
5914 4610
5915 3641
5916 8746
5917 9977
5918 8467
5919 1424
5920 5007
5921 9418
5922 9990
5923 1756
5924 4500
5925 6744
5926 1233
5927 6446
5928 5368
5929 9433
5930 3320
5931 9512
5932 8290
5933 4404
5934 9075
5935 5520
5936 8533
5937 5931
5938 136
5939 464
5940 2908
5941 8005
5942 9236
5943 5723
5944 9666
5945 5953
5946 1714
5947 182
5948 2909
5949 6569
5950 6918
5951 7110
5952 9148
5953 7731
5954 6231
5955 5172
5956 4691
5957 9355
5958 2945
5959 7443
5960 4623
5961 8339
5962 233
5963 9025
5964 5706
5965 957
5966 9827
5967 1111
5968 2444
5969 1001
5970 8833
5971 2313
5972 4724
5973 3876
5974 5888
5975 7687
5976 1668
5977 2751
5978 5283
5979 8233
5980 6392
5981 4118
5982 506
5983 8748
5984 1984
5985 6712
5986 1898
5987 3024
5988 1067
5989 1111
5990 1892
5991 4753
5992 9247
5993 9808
5994 54
5995 3521
5996 8604
5997 3835
5998 4462
5999 9211
6000 7777
6001 6674
6002 4818
6003 9125
6004 6859
6005 998
6006 8426
6007 496
6008 2786
6009 3316
6010 4008
6011 8811
6012 3846
6013 1664
6014 2888
6015 1766
6016 2206
6017 602
6018 3900
6019 152
6020 175
6021 9966
6022 9535
6023 2053
6024 8387
6025 5187
6026 2159
6027 451
6028 5513
6029 8928
6030 1019
6031 1816
6032 6394
6033 9259
6034 7220
6035 2563
6036 4396
6037 9593
6038 5767
6039 7180
6040 8217
6041 2820
6042 1973
6043 9816
6044 2443
6045 4469
6046 9247
6047 8866
6048 668
6049 2986
6050 6166
6051 4251
6052 7927
6053 9293
6054 3698
6055 5590
6056 1494
6057 6119
6058 3742
6059 8836
6060 9004
6061 1353
6062 3790
6063 2202
6064 1800
6065 6184
6066 1595
6067 7457
6068 4445
6069 8204
6070 8684
6071 6208
6072 4406
6073 4582
6074 7403
6075 1696
6076 4878
6077 4842
6078 3780
6079 838
6080 9210
6081 1567
6082 2100
6083 9774
6084 9187
6085 5508
6086 776
6087 8268
6088 4801
6089 4774
6090 8227
6091 3936
6092 249
6093 6687
6094 1606
6095 3817
6096 7049
6097 24
6098 808
6099 5933
6100 9238
6101 230
6102 7169
6103 5139
6104 181
6105 7265
6106 6830
6107 9295
6108 5249
6109 7044
6110 3395
6111 2809
6112 5085
6113 5853
6114 936
6115 9458
6116 1382
6117 3483
6118 8550
6119 2547
6120 4073
6121 4849
6122 1226
6123 7431
6124 7075
6125 9503
6126 9181
6127 714
6128 3215
6129 9243
6130 8289
6131 7505
6132 9068
6133 6361
6134 591
6135 2126
6136 3761
6137 8942
6138 7641
6139 8739
6140 4899
6141 4509
6142 2966
6143 5556
6144 9448
6145 3295
6146 1970
6147 7348
6148 7444
6149 5657
6150 5545
6151 5356
6152 639
6153 1043
6154 6082
6155 6601
6156 1515
6157 11
6158 1613
6159 3644
6160 8316
6161 3017
6162 7488
6163 5547
6164 5859
6165 7527
6166 1094
6167 2148
6168 9518
6169 2447
6170 6623
6171 556
6172 1525
6173 1041
6174 7951
6175 7003
6176 3476
6177 626
6178 7391
6179 9404
6180 3678
6181 1256
6182 6992
6183 728
6184 2350
6185 1505
6186 9065
6187 658
6188 9016
6189 7617
6190 7671
6191 7658
6192 2759
6193 6013
6194 6259
6195 2321
6196 5875
6197 4889
6198 338
6199 3430
6200 2884
6201 6245
6202 9984
6203 6540
6204 4762
6205 3662
6206 6227
6207 6816
6208 382
6209 382
6210 6302
6211 6542
6212 3345
6213 5847
6214 188
6215 5386
6216 3947
6217 1422
6218 964
6219 6304
6220 7024
6221 3937
6222 9517
6223 6263
6224 5320
6225 622
6226 9934
6227 7385
6228 4672
6229 9475
6230 7777
6231 2777
6232 2187
6233 4443
6234 967
6235 142
6236 6593
6237 3538
6238 2352
6239 1630
6240 5837
6241 7374
6242 1219
6243 9428
6244 3408
6245 7715
6246 3686
6247 6405
6248 9807
6249 1091
6250 2587
6251 1073
6252 3008
6253 6455
6254 3491
6255 1464
6256 2108
6257 9670
6258 950
6259 9295
6260 4704
6261 7113
6262 833
6263 2219
6264 5862
6265 2142
6266 2625
6267 5742
6268 4498
6269 49
6270 1225
6271 6638
6272 3404
6273 4350
6274 5353
6275 9321
6276 8328
6277 7752
6278 775
6279 6923
6280 7886
6281 4113
6282 4081
6283 6382
6284 2860
6285 4255
6286 7160
6287 6139
6288 3067
6289 3516
6290 9802
6291 8596
6292 4823
6293 8406
6294 1253
6295 2105
6296 7659
6297 3533
6298 4979
6299 1273
6300 4797
6301 4189
6302 4037
6303 2544
6304 1416
6305 8614
6306 3072
6307 1300
6308 5788
6309 3869
6310 3995
6311 1190
6312 9720
6313 8771
6314 8356
6315 2615
6316 569
6317 8177
6318 2287
6319 1019
6320 5724
6321 5754
6322 7088
6323 396
6324 5253
6325 5174
6326 6491
6327 4789
6328 6173
6329 8149
6330 8124
6331 2491
6332 5837
6333 238
6334 4238
6335 2540
6336 265
6337 1615
6338 4042
6339 8493
6340 8418
6341 5797
6342 7271
6343 3919
6344 3136
6345 9820
6346 1226
6347 7894
6348 7974
6349 2105
6350 1476
6351 7933
6352 2833
6353 10000
6354 3684
6355 7060
6356 8541
6357 360
6358 8118
6359 2057
6360 814
6361 2278
6362 4499
6363 6422
6364 2975
6365 8979
6366 9658
6367 8383
6368 1532
6369 2809
6370 3369
6371 8464
6372 8445
6373 1983
6374 8033
6375 370
6376 7085
6377 7460
6378 6431
6379 1000
6380 7730
6381 5512
6382 8623
6383 9728
6384 8713
6385 5539
6386 8656
6387 4187
6388 4231
6389 9013
6390 7179
6391 5145
6392 5599
6393 1920
6394 9115
6395 8712
6396 62
6397 9164
6398 5646
6399 763
6400 8037
6401 7718
6402 1688
6403 6652
6404 5132
6405 2584
6406 6738
6407 1455
6408 9402
6409 9542
6410 4522
6411 1136
6412 755
6413 9694
6414 2730
6415 2129
6416 3166
6417 661
6418 346
6419 4152
6420 3647
6421 1392
6422 8928
6423 3109
6424 9820
6425 4330
6426 4554
6427 9784
6428 1382
6429 4805
6430 9877
6431 830
6432 7226
6433 4940
6434 5237
6435 1247
6436 3030
6437 2416
6438 4710
6439 3541
6440 1011
6441 4566
6442 3026
6443 4211
6444 2517
6445 4176
6446 941
6447 5754
6448 5855
6449 430
6450 9129
6451 6738
6452 6494
6453 6372
6454 625
6455 3445
6456 1585
6457 2276
6458 2037
6459 4363
6460 9996
6461 1196
6462 9417
6463 718
6464 8437
6465 6334
6466 3147
6467 5406
6468 3516
6469 4125
6470 787
6471 7570
6472 3120
6473 9816
6474 3044
6475 767
6476 5461
6477 3573
6478 9329
6479 8196
6480 7956
6481 6913
6482 6042
6483 9396
6484 4077
6485 3031
6486 4200
6487 9661
6488 8437
6489 7256
6490 5818
6491 7324
6492 7133
6493 7395
6494 1749
6495 7890
6496 2688
6497 1120
6498 6178
6499 4216
6500 4904
6501 93
6502 2520
6503 4377
6504 57
6505 139
6506 6902
6507 9199
6508 7163
6509 2925
6510 802
6511 1879
6512 8203
6513 2978
6514 1314
6515 471
6516 2359
6517 739
6518 9552
6519 9101
6520 3163
6521 2588
6522 1403
6523 9782
6524 83
6525 547
6526 425
6527 3031
6528 5226
6529 2243
6530 3903
6531 9449
6532 3459
6533 5635
6534 7298
6535 1291
6536 1437
6537 669
6538 8206
6539 8673
6540 7133
6541 7822
6542 3932
6543 3109
6544 7376
6545 1817
6546 4156
6547 7621
6548 9541
6549 4929
6550 5297
6551 9539
6552 6549
6553 9166
6554 6943
6555 5041
6556 6443
6557 2961
6558 2695
6559 2746
6560 1883
6561 9089
6562 1049
6563 7827
6564 1448
6565 2036
6566 6405
6567 1879
6568 6242
6569 30
6570 1483
6571 8624
6572 4581
6573 5039
6574 7053
6575 9542
6576 851
6577 3866
6578 9997
6579 1851
6580 6481
6581 572
6582 8288
6583 2542
6584 8281
6585 1819
6586 8996
6587 4449
6588 9769
6589 8994
6590 9763
6591 9543
6592 5938
6593 4623
6594 6111
6595 640
6596 2767
6597 9876
6598 4758
6599 3487
6600 5845
6601 146
6602 4552
6603 14
6604 6067
6605 2008
6606 7684
6607 6304
6608 2030
6609 6382
6610 658
6611 2204
6612 9049
6613 1210
6614 8497
6615 3314
6616 6941
6617 7603
6618 6745
6619 4433
6620 2161
6621 701
6622 5198
6623 7988
6624 9784
6625 31
6626 7105
6627 8830
6628 3765
6629 7233
6630 3243
6631 2200
6632 6365
6633 8773
6634 6759
6635 4509
6636 7647
6637 2831
6638 719
6639 2896
6640 2115
6641 4120
6642 9934
6643 6645
6644 5883
6645 481
6646 7817
6647 7431
6648 223
6649 9242
6650 569
6651 2761
6652 6394
6653 4239
6654 6303
6655 8375
6656 1200
6657 5346
6658 2066
6659 2445
6660 2543
6661 1699
6662 6104
6663 1383
6664 595
6665 2890
6666 2641
6667 9309
6668 2522
6669 5435
6670 8095
6671 183
6672 8321
6673 5463
6674 7522
6675 1956
6676 984
6677 3437
6678 6048
6679 7575
6680 9611
6681 3509
6682 8963
6683 2176
6684 657
6685 9710
6686 2134
6687 1894
6688 4402
6689 4210
6690 1091
6691 6365
6692 1745
6693 1164
6694 5316
6695 4792
6696 26
6697 952
6698 5627
6699 3420
6700 7984
6701 1000
6702 1941
6703 6581
6704 2819
6705 3063
6706 4347
6707 3324
6708 2963
6709 4479
6710 8938
6711 2995
6712 979
6713 1889
6714 3103
6715 6841
6716 1991
6717 5673
6718 3265
6719 3010
6720 9897
6721 4782
6722 100
6723 1177
6724 7221
6725 1778
6726 3470
6727 3040
6728 2543
6729 9461
6730 9104
6731 8338
6732 3388
6733 6678
6734 5577
6735 3482
6736 5880
6737 3664
6738 4255
6739 6701
6740 8896
6741 6369
6742 6248
6743 4506
6744 2746
6745 1682
6746 200
6747 137
6748 4786
6749 2418
6750 2692
6751 1343
6752 5237
6753 7362
6754 3403
6755 2251
6756 7434
6757 3253
6758 773
6759 8944
6760 6599
6761 4176
6762 2
6763 990
6764 2489
6765 8682
6766 947
6767 7917
6768 7118
6769 2787
6770 6521
6771 5171
6772 8568
6773 5368
6774 7943
6775 899
6776 6604
6777 8739
6778 8146
6779 205
6780 5094
6781 7124
6782 7300
6783 6954
6784 9041
6785 2534
6786 8423
6787 8114
6788 2238
6789 6458
6790 94
6791 3774
6792 6545
6793 9292
6794 7848
6795 2857
6796 897
6797 1946
6798 433
6799 477
6800 191
6801 2341
6802 9384
6803 8551
6804 9234
6805 293
6806 4646
6807 1226
6808 8690
6809 270
6810 97
6811 6023
6812 8901
6813 1016
6814 1891
6815 5149
6816 2769
6817 3979
6818 5569
6819 7409
6820 1733
6821 1259
6822 4780
6823 145
6824 5367
6825 7564
6826 206
6827 2103
6828 4095
6829 1909
6830 7332
6831 2956
6832 1402
6833 3684
6834 481
6835 7423
6836 6768
6837 7448
6838 5718
6839 9419
6840 1546
6841 3244
6842 4540
6843 3934
6844 1124
6845 8810
6846 8288
6847 4704
6848 89
6849 7857
6850 8535
6851 1297
6852 2109
6853 8824
6854 3611
6855 9465
6856 8227
6857 8723
6858 4703
6859 4053
6860 6276
6861 7442
6862 147
6863 8670
6864 9519
6865 8942
6866 3662
6867 1082
6868 4168
6869 8475
6870 729
6871 2301
6872 6149
6873 8324
6874 704
6875 1537
6876 5494
6877 8015
6878 1634
6879 6807
6880 430
6881 6833
6882 1355
6883 1524
6884 2703
6885 2474
6886 1568
6887 4
6888 3696
6889 6847
6890 6193
6891 8637
6892 3848
6893 216
6894 8574
6895 9220
6896 296
6897 6085
6898 9278
6899 9631
6900 7523
6901 5643
6902 6334
6903 3138
6904 950
6905 6257
6906 7334
6907 5279
6908 4906
6909 4925
6910 4406
6911 4831
6912 9112
6913 2693
6914 5509
6915 4697
6916 5613
6917 1786
6918 5819
6919 6913
6920 1043
6921 1170
6922 9689
6923 5869
6924 4487
6925 9203
6926 6494
6927 5443
6928 3876
6929 4677
6930 9323
6931 2264
6932 6484
6933 2887
6934 6441
6935 6893
6936 1260
6937 2223
6938 689
6939 5752
6940 9372
6941 9361
6942 5145
6943 2554
6944 3271
6945 2299
6946 1886
6947 1676
6948 6777
6949 6366
6950 8823
6951 8648
6952 352
6953 4891
6954 3074
6955 1410
6956 2654
6957 661
6958 3388
6959 4822
6960 2431
6961 9807
6962 8572
6963 3216
6964 1919
6965 7289
6966 5244
6967 8502
6968 8695
6969 7055
6970 3640
6971 8223
6972 3290
6973 2486
6974 1479
6975 4413
6976 2866
6977 1115
6978 3714
6979 3710
6980 4801
6981 6835
6982 543
6983 2833
6984 5059
6985 5835
6986 4430
6987 4273
6988 7889
6989 9856
6990 4625
6991 3044
6992 4742
6993 4223
6994 1879
6995 1872
6996 4188
6997 7801
6998 6258
6999 8824
7000 8032
7001 9166
7002 6524
7003 1535
7004 5037
7005 579
7006 2586
7007 1482
7008 7803
7009 5506
7010 4036
7011 7714
7012 9922
7013 7687
7014 2351
7015 9966
7016 231
7017 37
7018 6998
7019 1234
7020 8670
7021 2131
7022 4434
7023 6377
7024 959
7025 8472
7026 4616
7027 7781
7028 6837
7029 6717
7030 782
7031 4740
7032 5550
7033 1777
7034 3995
7035 6489
7036 3769
7037 3101
7038 926
7039 8880
7040 9898
7041 4429
7042 9106
7043 8962
7044 1926
7045 6335
7046 8307
7047 8444
7048 1119
7049 7777
7050 1214
7051 1815
7052 8867
7053 434
7054 4180
7055 9045
7056 2084
7057 5301
7058 4507
7059 6860
7060 9372
7061 3765
7062 8304
7063 6357
7064 4977
7065 3789
7066 8828
7067 3343
7068 2084
7069 1864
7070 2701
7071 9114
7072 5210
7073 3140
7074 5752
7075 9176
7076 3595
7077 5708
7078 9746
7079 7514
7080 9973
7081 8279
7082 6556
7083 399
7084 8394
7085 9848
7086 421
7087 1460
7088 4065
7089 8668
7090 2460
7091 7470
7092 3977
7093 6921
7094 5159
7095 8474
7096 8456
7097 9693
7098 6164
7099 7098
7100 7320
7101 5345
7102 7381
7103 5902
7104 7458
7105 9922
7106 7839
7107 66
7108 2933
7109 8725
7110 6149
7111 2661
7112 8568
7113 1502
7114 722
7115 2190
7116 5516
7117 8464
7118 301
7119 6897
7120 8703
7121 4831
7122 7386
7123 2509
7124 5252
7125 3795
7126 7722
7127 4173
7128 5034
7129 9090
7130 5914
7131 5541
7132 8578
7133 3063
7134 7025
7135 1634
7136 9362
7137 5380
7138 4622
7139 3475
7140 1375
7141 88
7142 8936
7143 6165
7144 1041
7145 6106
7146 3181
7147 5805
7148 7393
7149 4037
7150 7015
7151 5182
7152 3953
7153 964
7154 9886
7155 501
7156 9616
7157 9639
7158 2953
7159 7858
7160 397
7161 405
7162 44
7163 7257
7164 6599
7165 9243
7166 516
7167 910
7168 2822
7169 8433
7170 1738
7171 6513
7172 6854
7173 6165
7174 1998
7175 2229
7176 7509
7177 1148
7178 1829
7179 6861
7180 6517
7181 1237
7182 536
7183 7482
7184 8507
7185 4182
7186 3197
7187 2268
7188 9907
7189 5508
7190 2748
7191 5093
7192 9187
7193 1209
7194 7330
7195 6425
7196 9445
7197 6188
7198 8583
7199 2661
7200 8953
7201 8340
7202 8626
7203 4664
7204 8156
7205 6947
7206 7563
7207 693
7208 4278
7209 887
7210 6519
7211 9402
7212 7288
7213 9101
7214 1934
7215 8745
7216 5805
7217 1440
7218 9010
7219 4118
7220 2613
7221 7374
7222 2769
7223 7399
7224 7775
7225 2582
7226 5469
7227 1072
7228 8615
7229 1568
7230 8482
7231 7436
7232 6580
7233 1289
7234 4751
7235 8341
7236 660
7237 7387
7238 9576
7239 5084
7240 7945
7241 590
7242 8384
7243 1228
7244 8666
7245 6660
7246 3255
7247 328
7248 981
7249 9430
7250 8614
7251 2529
7252 592
7253 2341
7254 128
7255 736
7256 9872
7257 6782
7258 8256
7259 560
7260 4680
7261 2957
7262 9674
7263 9669
7264 1302
7265 7846
7266 2200
7267 4121
7268 6025
7269 8992
7270 8076
7271 192
7272 8538
7273 490
7274 7613
7275 7386
7276 4114
7277 4724
7278 2410
7279 4535
7280 4372
7281 6880
7282 5560
7283 6575
7284 7172
7285 9683
7286 3948
7287 4761
7288 3108
7289 8191
7290 2849
7291 6817
7292 2473
7293 3992
7294 9959
7295 427
7296 3928
7297 4069
7298 7091
7299 7824
7300 2433
7301 5223
7302 1776
7303 4759
7304 7127
7305 5757
7306 1499
7307 5629
7308 182
7309 2732
7310 1084
7311 1595
7312 4776
7313 8799
7314 372
7315 4648
7316 6568
7317 3521
7318 8049
7319 3203
7320 7988
7321 7685
7322 2265
7323 4750
7324 343
7325 239
7326 3596
7327 814
7328 1017
7329 8807
7330 9625
7331 4335
7332 9182
7333 2995
7334 4518
7335 1792
7336 3169
7337 9135
7338 2002
7339 4067
7340 140
7341 3300
7342 5443
7343 5358
7344 4771
7345 4691
7346 6041
7347 4060
7348 7541
7349 5716
7350 4966
7351 5248
7352 8006
7353 7617
7354 286
7355 2109
7356 4805
7357 9449
7358 2144
7359 7695
7360 9130
7361 2200
7362 797
7363 9784
7364 7443
7365 4226
7366 1671
7367 4836
7368 5376
7369 7991
7370 6547
7371 9876
7372 3412
7373 2526
7374 9044
7375 6295
7376 8757
7377 7989
7378 6919
7379 8356
7380 376
7381 8748
7382 6160
7383 3184
7384 7021
7385 9938
7386 1116
7387 9696
7388 4605
7389 7588
7390 6132
7391 8403
7392 6165
7393 1024
7394 4054
7395 5574
7396 3524
7397 3024
7398 2253
7399 2062
7400 9380
7401 2425
7402 2193
7403 9333
7404 5371
7405 8457
7406 1570
7407 2173
7408 179
7409 7451
7410 2491
7411 4659
7412 2511
7413 4428
7414 5706
7415 4019
7416 1916
7417 8992
7418 3778
7419 7553
7420 808
7421 1617
7422 6905
7423 8582
7424 2104
7425 3902
7426 4539
7427 6742
7428 7967
7429 2412
7430 7775
7431 3003
7432 931
7433 707
7434 5932
7435 7250
7436 5783
7437 2825
7438 6955
7439 9833
7440 6205
7441 9307
7442 3865
7443 4304
7444 7049
7445 6556
7446 9130
7447 9469
7448 559
7449 7913
7450 3242
7451 1706
7452 6069
7453 7020
7454 7206
7455 9496
7456 228
7457 520
7458 8008
7459 970
7460 8123
7461 9735
7462 6495
7463 1860
7464 9308
7465 5330
7466 3074
7467 821
7468 4565
7469 9817
7470 750
7471 6793
7472 4329
7473 3688
7474 8296
7475 2380
7476 2124
7477 7917
7478 124
7479 8806
7480 1854
7481 5657
7482 496
7483 8755
7484 9255
7485 4786
7486 2793
7487 7207
7488 5903
7489 8925
7490 3816
7491 3995
7492 718
7493 5051
7494 9415
7495 2923
7496 3220
7497 2923
7498 9077
7499 1122
7500 5078
7501 3546
7502 1870
7503 6905
7504 9853
7505 4605
7506 9352
7507 915
7508 3083
7509 9764
7510 8097
7511 1731
7512 6360
7513 2120
7514 4147
7515 1709
7516 1045
7517 2252
7518 2767
7519 7436
7520 6361
7521 5704
7522 3957
7523 9760
7524 6305
7525 1345
7526 5046
7527 4331
7528 3713
7529 1645
7530 1941
7531 5653
7532 5295
7533 1472
7534 1667
7535 3355
7536 5127
7537 7216
7538 844
7539 3094
7540 1078
7541 7123
7542 4255
7543 4119
7544 795
7545 2846
7546 1206
7547 3780
7548 4781
7549 1252
7550 7114
7551 3446
7552 5490
7553 5767
7554 3085
7555 9153
7556 4970
7557 4549
7558 1294
7559 2003
7560 6273
7561 9815
7562 7394
7563 1818
7564 9037
7565 4995
7566 7703
7567 1776
7568 6804
7569 1952
7570 5838
7571 6740
7572 7239
7573 5833
7574 2058
7575 5629
7576 111
7577 6853
7578 739
7579 7804
7580 1694
7581 2171
7582 8638
7583 5958
7584 4276
7585 5671
7586 3321
7587 9890
7588 9473
7589 4502
7590 5643
7591 6319
7592 2301
7593 1719
7594 6074
7595 2268
7596 9758
7597 8936
7598 5168
7599 9580
7600 7523
7601 6329
7602 5560
7603 2631
7604 7630
7605 6457
7606 3337
7607 1482
7608 829
7609 6822
7610 9480
7611 7491
7612 5352
7613 1928
7614 7269
7615 1879
7616 1682
7617 6698
7618 3547
7619 1710
7620 9877
7621 9113
7622 3235
7623 4018
7624 9418
7625 1685
7626 6969
7627 7466
7628 6806
7629 8199
7630 7586
7631 8857
7632 4343
7633 9965
7634 8801
7635 3331
7636 1267
7637 3837
7638 2604
7639 9725
7640 4617
7641 4393
7642 9856
7643 6562
7644 6690
7645 5227
7646 1676
7647 4872
7648 6132
7649 8828
7650 9573
7651 9376
7652 7703
7653 1376
7654 6920
7655 7211
7656 9473
7657 3418
7658 5548
7659 4619
7660 8382
7661 8247
7662 578
7663 4618
7664 9526
7665 6025
7666 7500
7667 2800
7668 4318
7669 3990
7670 3998
7671 4674
7672 5479
7673 6194
7674 774
7675 35
7676 5620
7677 1183
7678 3640
7679 7288
7680 8771
7681 3321
7682 1520
7683 2550
7684 7894
7685 8477
7686 664
7687 3575
7688 659
7689 6123
7690 168
7691 2232
7692 2213
7693 8091
7694 7993
7695 8833
7696 9405
7697 4476
7698 4546
7699 7045
7700 9560
7701 6049
7702 2947
7703 5793
7704 5581
7705 5131
7706 286
7707 8549
7708 88
7709 4967
7710 2863
7711 6298
7712 8287
7713 5765
7714 2268
7715 7119
7716 6584
7717 9813
7718 7351
7719 1922
7720 7788
7721 8169
7722 4069
7723 2488
7724 3718
7725 1093
7726 7821
7727 8545
7728 7131
7729 30
7730 2955
7731 3550
7732 285
7733 6184
7734 2020
7735 3190
7736 732
7737 6110
7738 3030
7739 1
7740 9872
7741 4238
7742 24
7743 7640
7744 8139
7745 6510
7746 273
7747 245
7748 5572
7749 9908
7750 1306
7751 3106
7752 9687
7753 7234
7754 8714
7755 3654
7756 2303
7757 9070
7758 3428
7759 7693
7760 6622
7761 6184
7762 2457
7763 6862
7764 7450
7765 862
7766 6396
7767 8983
7768 719
7769 5480
7770 8244
7771 1325
7772 6007
7773 9340
7774 3735
7775 6750
7776 3779
7777 5898
7778 4922
7779 8137
7780 3378
7781 6066
7782 8148
7783 2845
7784 3721
7785 3326
7786 9021
7787 1181
7788 7387
7789 6931
7790 830
7791 1497
7792 4731
7793 7897
7794 4052
7795 334
7796 2463
7797 166
7798 4584
7799 6844
7800 8344
7801 994
7802 5010
7803 8784
7804 7223
7805 2543
7806 4971
7807 95
7808 456
7809 3799
7810 3589
7811 9026
7812 5004
7813 2149
7814 7872
7815 7140
7816 4810
7817 5156
7818 9045
7819 8646
7820 3936
7821 4204
7822 3904
7823 4550
7824 6694
7825 9320
7826 734
7827 1360
7828 9371
7829 7848
7830 6531
7831 1041
7832 3230
7833 4055
7834 7423
7835 288
7836 9129
7837 7195
7838 7078
7839 3877
7840 3218
7841 9630
7842 7129
7843 107
7844 2606
7845 3360
7846 9407
7847 1243
7848 2780
7849 9049
7850 5023
7851 2895
7852 2069
7853 6157
7854 7269
7855 4432
7856 853
7857 379
7858 3265
7859 5997
7860 5620
7861 110
7862 5414
7863 9499
7864 2362
7865 8649
7866 7452
7867 3993
7868 5192
7869 2008
7870 182
7871 802
7872 1049
7873 3436
7874 4780
7875 4940
7876 7311
7877 1128
7878 7429
7879 707
7880 9482
7881 9620
7882 7862
7883 8287
7884 4003
7885 8025
7886 9911
7887 464
7888 8512
7889 1727
7890 2203
7891 5515
7892 7748
7893 718
7894 146
7895 9056
7896 3964
7897 8972
7898 5533
7899 6344
7900 7426
7901 2629
7902 2675
7903 5738
7904 5148
7905 477
7906 2010
7907 2225
7908 290
7909 3505
7910 2001
7911 4217
7912 9745
7913 9225
7914 1276
7915 1209
7916 8834
7917 2646
7918 4600
7919 6803
7920 6995
7921 420
7922 1072
7923 8991
7924 5617
7925 6924
7926 7918
7927 3949
7928 6960
7929 160
7930 9513
7931 4238
7932 1197
7933 7195
7934 8497
7935 1165
7936 4778
7937 7780
7938 720
7939 9190
7940 2347
7941 5050
7942 272
7943 8732
7944 6448
7945 2333
7946 7219
7947 9205
7948 7735
7949 6284
7950 2223
7951 8808
7952 7171
7953 2480
7954 4232
7955 2107
7956 2634
7957 6018
7958 180
7959 7237
7960 2284
7961 3570
7962 5572
7963 6698
7964 3139
7965 7403
7966 6844
7967 9148
7968 5865
7969 1751
7970 3161
7971 8247
7972 5127
7973 9747
7974 2163
7975 866
7976 1573
7977 1520
7978 352
7979 9866
7980 5933
7981 582
7982 8577
7983 8921
7984 1196
7985 8269
7986 4375
7987 3811
7988 2605
7989 8756
7990 3073
7991 3683
7992 3645
7993 1424
7994 1309
7995 6979
7996 6767
7997 9202
7998 3201
7999 5423
8000 3729
8001 6694
8002 3652
8003 670
8004 386
8005 5469
8006 8919
8007 69
8008 3547
8009 8194
8010 895
8011 1973
8012 5434
8013 1727
8014 8715
8015 9016
8016 5558
8017 487
8018 2106
8019 1330
8020 5541
8021 201
8022 8378
8023 2401
8024 3971
8025 2383
8026 9672
8027 515
8028 7436
8029 2005
8030 921
8031 5944
8032 367
8033 701
8034 3929
8035 8415
8036 3260
8037 9783
8038 4072
8039 586
8040 1539
8041 5509
8042 5392
8043 3098
8044 9786
8045 7024
8046 8951
8047 5378
8048 4637
8049 1478
8050 7220
8051 8149
8052 8056
8053 4856
8054 7642
8055 3044
8056 6521
8057 2127
8058 1343
8059 6749
8060 6630
8061 3370
8062 128
8063 4836
8064 2786
8065 145
8066 8887
8067 418
8068 6444
8069 8984
8070 7730
8071 7112
8072 3346
8073 5504
8074 9328
8075 8135
8076 7724
8077 563
8078 2972
8079 4827
8080 924
8081 4766
8082 7598
8083 9213
8084 6111
8085 2076
8086 8362
8087 4863
8088 3305
8089 5695
8090 6067
8091 631
8092 8757
8093 2819
8094 6255
8095 3458
8096 777
8097 9979
8098 6425
8099 4402
8100 5023
8101 7489
8102 6189
8103 5823
8104 2619
8105 6028
8106 1614
8107 2175
8108 5021
8109 4622
8110 3108
8111 2578
8112 4598
8113 2153
8114 4797
8115 4100
8116 1032
8117 2965
8118 7044
8119 422
8120 2024
8121 7932
8122 6405
8123 7034
8124 9672
8125 9904
8126 2323
8127 5246
8128 4063
8129 2197
8130 1416
8131 9051
8132 88
8133 8278
8134 9210
8135 3924
8136 4829
8137 8937
8138 8957
8139 525
8140 717
8141 7776
8142 7339
8143 1590
8144 2550
8145 700
8146 5748
8147 8286
8148 5906
8149 9083
8150 7620
8151 8892
8152 549
8153 9789
8154 1835
8155 6334
8156 699
8157 4634
8158 4942
8159 7642
8160 4741
8161 6847
8162 2223
8163 1953
8164 4959
8165 8426
8166 3199
8167 2036
8168 8901
8169 2525
8170 6650
8171 493
8172 1383
8173 246
8174 9812
8175 9401
8176 4693
8177 802
8178 8110
8179 22
8180 2221
8181 9053
8182 5180
8183 2792
8184 711
8185 7242
8186 1618
8187 1629
8188 2220
8189 7754
8190 797
8191 801
8192 4366
8193 9127
8194 3681
8195 7728
8196 5924
8197 6339
8198 6184
8199 5368
8200 4476
8201 6099
8202 3904
8203 3493
8204 51
8205 9547
8206 8376
8207 7206
8208 9129
8209 290
8210 6192
8211 8947
8212 1312
8213 9754
8214 7346
8215 1498
8216 2554
8217 5004
8218 4341
8219 8040
8220 8405
8221 3799
8222 2905
8223 8164
8224 3538
8225 8163
8226 6214
8227 3668
8228 8775
8229 1129
8230 7967
8231 8163
8232 4479
8233 2524
8234 8426
8235 267
8236 494
8237 2843
8238 1332
8239 2904
8240 9194
8241 1901
8242 307
8243 7664
8244 2050
8245 4463
8246 4053
8247 3121
8248 4419
8249 4286
8250 2005
8251 3684
8252 9376
8253 6042
8254 6544
8255 667
8256 3123
8257 5967
8258 5146
8259 7878
8260 5444
8261 613
8262 192
8263 9659
8264 2429
8265 9316
8266 1784
8267 5873
8268 8602
8269 3182
8270 3978
8271 7863
8272 3718
8273 4251
8274 8699
8275 4742
8276 6466
8277 7277
8278 7296
8279 2365
8280 4787
8281 8937
8282 3258
8283 6400
8284 1392
8285 7206
8286 4090
8287 1872
8288 6246
8289 2003
8290 8775
8291 8434
8292 486
8293 8651
8294 8939
8295 5340
8296 9152
8297 9176
8298 3051
8299 4579
8300 723
8301 2384
8302 2358
8303 2204
8304 5947
8305 9442
8306 4283
8307 6880
8308 8435
8309 6775
8310 8586
8311 3041
8312 5497
8313 4566
8314 3771
8315 7899
8316 3668
8317 2609
8318 6862
8319 6924
8320 3199
8321 9095
8322 5845
8323 7696
8324 7329
8325 8609
8326 9666
8327 6938
8328 7497
8329 6039
8330 3272
8331 6289
8332 2219
8333 3216
8334 6644
8335 7085
8336 7379
8337 4971
8338 2955
8339 8917
8340 2679
8341 7752
8342 9810
8343 1543
8344 986
8345 9749
8346 9970
8347 3918
8348 6723
8349 9429
8350 8828
8351 1219
8352 6147
8353 2275
8354 657
8355 637
8356 1227
8357 4628
8358 5500
8359 1653
8360 2822
8361 5853
8362 6980
8363 7585
8364 7301
8365 9545
8366 7951
8367 9278
8368 9185
8369 4461
8370 1846
8371 2375
8372 3432
8373 5347
8374 1392
8375 9943
8376 821
8377 5313
8378 6628
8379 8853
8380 3070
8381 5116
8382 3522
8383 83
8384 2983
8385 9025
8386 5450
8387 7061
8388 2446
8389 2923
8390 6119
8391 4343
8392 8678
8393 1746
8394 8875
8395 1753
8396 6867
8397 3468
8398 5959
8399 7823
8400 859
8401 7113
8402 1061
8403 6897
8404 724
8405 5697
8406 1075
8407 6956
8408 8890
8409 4561
8410 3136
8411 5551
8412 4030
8413 6203
8414 431
8415 9268
8416 6714
8417 8390
8418 8697
8419 9371
8420 9238
8421 8622
8422 3431
8423 6320
8424 3526
8425 7665
8426 9819
8427 4048
8428 8396
8429 6930
8430 314
8431 1259
8432 2791
8433 9801
8434 1302
8435 1861
8436 5272
8437 6723
8438 6995
8439 802
8440 5500
8441 8120
8442 6555
8443 8133
8444 1975
8445 6956
8446 658
8447 8515
8448 6809
8449 9404
8450 2811
8451 1177
8452 9636
8453 6836
8454 3270
8455 3190
8456 381
8457 3300
8458 6232
8459 6714
8460 383
8461 7896
8462 8822
8463 7905
8464 3844
8465 1715
8466 9489
8467 9901
8468 8366
8469 1878
8470 4116
8471 5283
8472 5189
8473 4255
8474 1781
8475 2171
8476 9536
8477 4164
8478 1191
8479 3340
8480 1845
8481 8364
8482 4186
8483 7452
8484 9527
8485 409
8486 8821
8487 1151
8488 9102
8489 6943
8490 5003
8491 4926
8492 5488
8493 8223
8494 5596
8495 121
8496 6942
8497 3622
8498 2276
8499 4738
8500 755
8501 8275
8502 6655
8503 9569
8504 1702
8505 2284
8506 658
8507 3831
8508 7235
8509 3118
8510 4053
8511 4803
8512 6995
8513 7327
8514 6762
8515 6442
8516 742
8517 8315
8518 9923
8519 2308
8520 2041
8521 2289
8522 1044
8523 4929
8524 9650
8525 3997
8526 5981
8527 8021
8528 1715
8529 2887
8530 3339
8531 7781
8532 9747
8533 2084
8534 730
8535 9851
8536 9606
8537 3759
8538 3355
8539 6375
8540 916
8541 6344
8542 8328
8543 517
8544 7243
8545 2330
8546 2567
8547 1151
8548 333
8549 3465
8550 6337
8551 7995
8552 8054
8553 2425
8554 4994
8555 8384
8556 800
8557 3555
8558 7242
8559 1659
8560 3947
8561 2281
8562 9535
8563 8092
8564 4764
8565 6440
8566 5533
8567 2987
8568 9749
8569 4627
8570 8483
8571 4498
8572 973
8573 1854
8574 9190
8575 7609
8576 9469
8577 5572
8578 3790
8579 6442
8580 7712
8581 4776
8582 8773
8583 6332
8584 869
8585 8583
8586 3395
8587 3373
8588 4755
8589 7221
8590 3777
8591 7309
8592 4716
8593 8657
8594 8704
8595 8239
8596 8906
8597 7535
8598 2984
8599 5142
8600 3703
8601 1814
8602 4520
8603 1146
8604 7385
8605 5708
8606 3875
8607 8449
8608 1298
8609 1011
8610 943
8611 7878
8612 9494
8613 5570
8614 1307
8615 1549
8616 9075
8617 2394
8618 5917
8619 6875
8620 5890
8621 9784
8622 1457
8623 1488
8624 140
8625 3878
8626 4925
8627 195
8628 7416
8629 9102
8630 7509
8631 6398
8632 4331
8633 1674
8634 521
8635 2575
8636 3016
8637 2638
8638 4992
8639 4452
8640 9092
8641 8913
8642 1799
8643 7633
8644 5213
8645 551
8646 1525
8647 588
8648 7277
8649 4732
8650 5523
8651 5050
8652 8902
8653 452
8654 6717
8655 8667
8656 1688
8657 9810
8658 4884
8659 4715
8660 986
8661 8559
8662 3207
8663 5454
8664 9786
8665 1037
8666 3799
8667 7269
8668 8837
8669 895
8670 89
8671 1648
8672 9305
8673 4158
8674 526
8675 662
8676 7253
8677 4675
8678 106
8679 7681
8680 2680
8681 423
8682 8365
8683 9455
8684 6305
8685 1404
8686 6556
8687 7751
8688 9035
8689 7708
8690 7035
8691 8398
8692 6707
8693 1857
8694 804
8695 7405
8696 4431
8697 9258
8698 6155
8699 5657
8700 616
8701 8823
8702 7824
8703 4202
8704 6414
8705 2095
8706 6655
8707 2620
8708 6221
8709 9044
8710 2993
8711 9232
8712 2682
8713 6475
8714 2419
8715 2933
8716 8574
8717 7707
8718 1889
8719 1545
8720 8918
8721 4335
8722 5988
8723 8538
8724 3109
8725 4297
8726 8610
8727 5210
8728 4112
8729 4723
8730 9472
8731 7445
8732 5244
8733 6880
8734 2458
8735 9221
8736 3502
8737 3436
8738 7462
8739 2578
8740 3877
8741 9528
8742 4146
8743 3230
8744 2284
8745 8442
8746 2440
8747 4864
8748 7784
8749 7180
8750 1964
8751 66
8752 9498
8753 8428
8754 899
8755 5565
8756 3984
8757 7597
8758 5622
8759 9963
8760 2741
8761 1744
8762 1933
8763 900
8764 8907
8765 5708
8766 2711
8767 4741
8768 9215
8769 274
8770 9222
8771 628
8772 9882
8773 3984
8774 3455
8775 285
8776 9124
8777 8243
8778 4365
8779 2555
8780 3011
8781 2951
8782 4176
8783 1763
8784 6569
8785 1533
8786 3257
8787 1137
8788 9417
8789 8827
8790 4473
8791 8487
8792 2840
8793 7463
8794 7620
8795 9490
8796 1506
8797 7611
8798 4204
8799 8729
8800 765
8801 9702
8802 7558
8803 5855
8804 3941
8805 283
8806 7586
8807 8901
8808 2169
8809 8894
8810 6685
8811 7407
8812 312
8813 5823
8814 542
8815 4619
8816 7684
8817 8638
8818 6832
8819 3670
8820 1171
8821 3121
8822 6931
8823 2270
8824 9712
8825 2458
8826 2547
8827 475
8828 9077
8829 8510
8830 1714
8831 9106
8832 5493
8833 24
8834 1777
8835 8474
8836 2715
8837 8807
8838 2464
8839 3911
8840 8021
8841 6761
8842 325
8843 1828
8844 7216
8845 10000
8846 1532
8847 9734
8848 2972
8849 2620
8850 1926
8851 1566
8852 7770
8853 1241
8854 9573
8855 7445
8856 5774
8857 5053
8858 1213
8859 4285
8860 4970
8861 7184
8862 8604
8863 1442
8864 8902
8865 1887
8866 1895
8867 2719
8868 9942
8869 1381
8870 2178
8871 3918
8872 7678
8873 613
8874 4803
8875 7390
8876 9181
8877 5887
8878 204
8879 7147
8880 3641
8881 5974
8882 7643
8883 8925
8884 3246
8885 8658
8886 2154
8887 6938
8888 5552
8889 1678
8890 9797
8891 441
8892 1964
8893 9849
8894 516
8895 2162
8896 5766
8897 9645
8898 7849
8899 3121
8900 9055
8901 168
8902 1824
8903 3342
8904 9413
8905 6973
8906 8793
8907 2995
8908 9107
8909 6325
8910 2580
8911 7445
8912 8433
8913 6381
8914 7669
8915 7510
8916 2736
8917 7778
8918 8770
8919 8400
8920 6547
8921 1657
8922 6009
8923 3068
8924 7873
8925 3539
8926 5601
8927 5655
8928 5554
8929 5302
8930 1450
8931 6768
8932 3928
8933 645
8934 7667
8935 5580
8936 9396
8937 8757
8938 9149
8939 263
8940 4352
8941 9898
8942 1152
8943 6107
8944 202
8945 5889
8946 8265
8947 3186
8948 4487
8949 1020
8950 7397
8951 1290
8952 7544
8953 106
8954 344
8955 2020
8956 872
8957 6814
8958 1624
8959 2554
8960 2736
8961 6360
8962 1610
8963 5562
8964 5284
8965 3565
8966 9579
8967 9951
8968 1361
8969 2873
8970 7735
8971 4415
8972 6816
8973 4965
8974 8720
8975 7363
8976 3534
8977 2488
8978 9268
8979 938
8980 9963
8981 3052
8982 5066
8983 4304
8984 8016
8985 8290
8986 990
8987 6392
8988 3146
8989 4493
8990 2019
8991 7440
8992 1414
8993 9850
8994 960
8995 3285
8996 3905
8997 4671
8998 3652
8999 6285
9000 8359
9001 5669
9002 2896
9003 3370
9004 746
9005 4996
9006 7083
9007 9502
9008 4170
9009 7365
9010 4845
9011 2920
9012 943
9013 4862
9014 5474
9015 4843
9016 8832
9017 8599
9018 3345
9019 7352
9020 7263
9021 4880
9022 7420
9023 6437
9024 6098
9025 6688
9026 8854
9027 8515
9028 6561
9029 736
9030 875
9031 6145
9032 2489
9033 6412
9034 4688
9035 8413
9036 7458
9037 2594
9038 8804
9039 2130
9040 7977
9041 6640
9042 7139
9043 8865
9044 3956
9045 6334
9046 4810
9047 152
9048 4897
9049 4881
9050 7760
9051 9360
9052 2847
9053 9397
9054 2936
9055 3809
9056 9210
9057 6830
9058 3109
9059 4009
9060 7592
9061 2839
9062 9566
9063 9214
9064 5573
9065 1813
9066 3219
9067 7893
9068 5521
9069 2729
9070 9064
9071 3699
9072 8907
9073 1512
9074 56
9075 374
9076 1705
9077 7975
9078 5289
9079 2451
9080 8394
9081 5994
9082 2153
9083 5728
9084 5820
9085 9541
9086 2810
9087 2730
9088 6714
9089 3707
9090 6107
9091 1156
9092 2182
9093 4586
9094 1831
9095 720
9096 8231
9097 7911
9098 7297
9099 1749
9100 4412
9101 6853
9102 5224
9103 9473
9104 4769
9105 3425
9106 8759
9107 2389
9108 6832
9109 480
9110 7098
9111 9812
9112 5282
9113 7130
9114 5232
9115 1695
9116 932
9117 3663
9118 2751
9119 8261
9120 2778
9121 3712
9122 3342
9123 9737
9124 1570
9125 2839
9126 4986
9127 3656
9128 5981
9129 4766
9130 1817
9131 844
9132 5445
9133 3602
9134 9393
9135 3778
9136 2516
9137 2434
9138 8750
9139 4596
9140 7569
9141 295
9142 3493
9143 334
9144 4824
9145 730
9146 3542
9147 7395
9148 1486
9149 8307
9150 1407
9151 6417
9152 7003
9153 7362
9154 8886
9155 4467
9156 139
9157 1456
9158 9463
9159 4834
9160 2456
9161 7021
9162 955
9163 5900
9164 3591
9165 5789
9166 6001
9167 4078
9168 2078
9169 7181
9170 5735
9171 1662
9172 1573
9173 1616
9174 4612
9175 3247
9176 3313
9177 8639
9178 606
9179 2891
9180 6303
9181 756
9182 2979
9183 7825
9184 594
9185 5994
9186 7435
9187 3869
9188 496
9189 847
9190 9496
9191 8749
9192 652
9193 1596
9194 3999
9195 5566
9196 8544
9197 2081
9198 9218
9199 7566
9200 1697
9201 5145
9202 2503
9203 4079
9204 7516
9205 2682
9206 9942
9207 8264
9208 1441
9209 3769
9210 8266
9211 1184
9212 3805
9213 6047
9214 9765
9215 1973
9216 5799
9217 2154
9218 7649
9219 5398
9220 3657
9221 8706
9222 2963
9223 3274
9224 4620
9225 952
9226 933
9227 2396
9228 611
9229 2791
9230 6211
9231 8197
9232 2786
9233 1848
9234 8093
9235 325
9236 233
9237 4676
9238 3579
9239 3041
9240 7027
9241 7622
9242 7216
9243 4489
9244 3963
9245 8515
9246 657
9247 6035
9248 1053
9249 9951
9250 1116
9251 5431
9252 1817
9253 1231
9254 7595
9255 9933
9256 7431
9257 8791
9258 5897
9259 4562
9260 4365
9261 1649
9262 698
9263 563
9264 7745
9265 8349
9266 2995
9267 5880
9268 971
9269 5267
9270 2028
9271 4624
9272 9630
9273 4549
9274 6452
9275 4634
9276 1357
9277 2779
9278 1618
9279 2395
9280 6844
9281 5535
9282 3187
9283 7438
9284 8752
9285 7598
9286 5717
9287 2800
9288 7846
9289 4862
9290 438
9291 9178
9292 1284
9293 9760
9294 3039
9295 553
9296 1999
9297 6630
9298 5852
9299 6728
9300 5889
9301 5819
9302 6218
9303 1886
9304 5084
9305 2918
9306 5711
9307 1875
9308 7357
9309 5718
9310 235
9311 4458
9312 1067
9313 8701
9314 6774
9315 1475
9316 8703
9317 1702
9318 2236
9319 8477
9320 4885
9321 6926
9322 3720
9323 1696
9324 8246
9325 6861
9326 1297
9327 6757
9328 2208
9329 1729
9330 6040
9331 7943
9332 3423
9333 9785
9334 4977
9335 8833
9336 7346
9337 4201
9338 4703
9339 3182
9340 5092
9341 6624
9342 9126
9343 4727
9344 7967
9345 3026
9346 7887
9347 6926
9348 9947
9349 3195
9350 5629
9351 3053
9352 9382
9353 8453
9354 6450
9355 7718
9356 4562
9357 5268
9358 993
9359 5611
9360 9065
9361 1188
9362 5434
9363 6785
9364 4413
9365 7807
9366 282
9367 2952
9368 9458
9369 2901
9370 8685
9371 649
9372 2224
9373 4141
9374 9897
9375 1659
9376 5799
9377 3045
9378 986
9379 9884
9380 6404
9381 6283
9382 1523
9383 8892
9384 2400
9385 1225
9386 3990
9387 8018
9388 7571
9389 7519
9390 9608
9391 9120
9392 3961
9393 1865
9394 7341
9395 3276
9396 2906
9397 6797
9398 9053
9399 9268
9400 9992
9401 5627
9402 1160
9403 964
9404 3244
9405 1166
9406 6710
9407 9620
9408 743
9409 1883
9410 3266
9411 7459
9412 9121
9413 7120
9414 1568
9415 5404
9416 3566
9417 2660
9418 2808
9419 4147
9420 3832
9421 4901
9422 6550
9423 7290
9424 3687
9425 6292
9426 1195
9427 191
9428 7376
9429 9890
9430 151
9431 3120
9432 5324
9433 5066
9434 4356
9435 9973
9436 4790
9437 5030
9438 898
9439 612
9440 2509
9441 6170
9442 8971
9443 2851
9444 7492
9445 8396
9446 501
9447 8646
9448 1622
9449 3820
9450 6237
9451 9278
9452 693
9453 2313
9454 8247
9455 3692
9456 8200
9457 4049
9458 1673
9459 5420
9460 4424
9461 7314
9462 7954
9463 9713
9464 7521
9465 9417
9466 8748
9467 737
9468 7547
9469 6913
9470 2890
9471 8834
9472 6700
9473 7336
9474 2066
9475 6408
9476 2454
9477 7427
9478 446
9479 2484
9480 8699
9481 4261
9482 3292
9483 9982
9484 9241
9485 6733
9486 8950
9487 7201
9488 1040
9489 7170
9490 3175
9491 5767
9492 9643
9493 287
9494 4805
9495 5376
9496 6989
9497 6622
9498 5238
9499 8396
9500 1543
9501 8313
9502 3459
9503 1403
9504 5493
9505 889
9506 5521
9507 6557
9508 5215
9509 3961
9510 3628
9511 9749
9512 8049
9513 7001
9514 6375
9515 6943
9516 7986
9517 4515
9518 8993
9519 8770
9520 6947
9521 8687
9522 7108
9523 9162
9524 6593
9525 7650
9526 4110
9527 9768
9528 7857
9529 9250
9530 2300
9531 764
9532 3941
9533 9956
9534 5818
9535 4560
9536 474
9537 7519
9538 6945
9539 5816
9540 6448
9541 4413
9542 6378
9543 1026
9544 201
9545 266
9546 7472
9547 4477
9548 7588
9549 8384
9550 7459
9551 6684
9552 9329
9553 9856
9554 4765
9555 2731
9556 7117
9557 3940
9558 7918
9559 3390
9560 5178
9561 118
9562 189
9563 3239
9564 1098
9565 8512
9566 4485
9567 2209
9568 1400
9569 1329
9570 8846
9571 8298
9572 8956
9573 4638
9574 4004
9575 8804
9576 9389
9577 2426
9578 6736
9579 7399
9580 1112
9581 5057
9582 1291
9583 8046
9584 8867
9585 7980
9586 568
9587 1252
9588 8520
9589 1583
9590 748
9591 793
9592 2687
9593 8445
9594 7568
9595 8615
9596 722
9597 4990
9598 9465
9599 3098
9600 2419
9601 9819
9602 1032
9603 1985
9604 1708
9605 9634
9606 5184
9607 7804
9608 1507
9609 3731
9610 3075
9611 8487
9612 7052
9613 3195
9614 5481
9615 3543
9616 5576
9617 5842
9618 2422
9619 5889
9620 1831
9621 5109
9622 541
9623 6015
9624 3766
9625 8044
9626 9533
9627 430
9628 775
9629 5740
9630 782
9631 542
9632 2879
9633 8838
9634 8714
9635 205
9636 2716
9637 1409
9638 2757
9639 3941
9640 8529
9641 8807
9642 1980
9643 6385
9644 8024
9645 6687
9646 4095
9647 2561
9648 7554
9649 2398
9650 3239
9651 239
9652 6979
9653 9520
9654 8001
9655 6063
9656 7566
9657 9027
9658 3958
9659 1669
9660 7120
9661 4540
9662 3002
9663 3796
9664 6693
9665 3336
9666 7886
9667 512
9668 8657
9669 9124
9670 7932
9671 2299
9672 4534
9673 128
9674 3812
9675 1805
9676 3331
9677 4425
9678 9327
9679 3776
9680 6529
9681 2397
9682 4557
9683 7569
9684 1541
9685 8646
9686 1548
9687 1913
9688 1565
9689 1055
9690 2859
9691 8877
9692 9381
9693 3781
9694 7483
9695 9676
9696 9542
9697 6858
9698 5056
9699 9331
9700 1584
9701 5769
9702 3459
9703 9726
9704 2646
9705 7282
9706 4408
9707 1112
9708 390
9709 9596
9710 6918
9711 4109
9712 1007
9713 6129
9714 1480
9715 4235
9716 8703
9717 4431
9718 4146
9719 1967
9720 5367
9721 2773
9722 6402
9723 1962
9724 154
9725 5296
9726 2101
9727 9236
9728 1682
9729 4885
9730 8660
9731 1956
9732 9531
9733 3228
9734 3841
9735 640
9736 6772
9737 3056
9738 1180
9739 239
9740 1730
9741 348
9742 858
9743 8659
9744 3962
9745 1683
9746 9526
9747 9358
9748 6406
9749 1693
9750 4591
9751 8942
9752 6723
9753 702
9754 7211
9755 9715
9756 4325
9757 2706
9758 3001
9759 1535
9760 818
9761 5226
9762 3600
9763 2499
9764 4414
9765 1901
9766 3037
9767 194
9768 4137
9769 3711
9770 2558
9771 7390
9772 6949
9773 2921
9774 9950
9775 9757
9776 556
9777 1025
9778 7399
9779 2608
9780 9699
9781 3487
9782 6719
9783 5249
9784 2341
9785 334
9786 7884
9787 5590
9788 6731
9789 1886
9790 2658
9791 3649
9792 9364
9793 7962
9794 6803
9795 1253
9796 1725
9797 764
9798 4496
9799 9144
9800 151
9801 477
9802 162
9803 1275
9804 7471
9805 126
9806 2424
9807 712
9808 1497
9809 9515
9810 6082
9811 5989
9812 1839
9813 2306
9814 1583
9815 7449
9816 8112
9817 4946
9818 288
9819 2048
9820 7963
9821 9872
9822 2029
9823 974
9824 2242
9825 6709
9826 4507
9827 2752
9828 3183
9829 5800
9830 2687
9831 5766
9832 8992
9833 6142
9834 1664
9835 5042
9836 355
9837 7539
9838 7955
9839 1804
9840 6949
9841 6920
9842 3106
9843 8272
9844 182
9845 2035
9846 9899
9847 5130
9848 9111
9849 4791
9850 8171
9851 3406
9852 5195
9853 6715
9854 4594
9855 7535
9856 7387
9857 768
9858 7145
9859 3350
9860 8554
9861 4351
9862 2341
9863 4159
9864 797
9865 5626
9866 2914
9867 1928
9868 5154
9869 3968
9870 2699
9871 7522
9872 1520
9873 4285
9874 6884
9875 3968
9876 7217
9877 3331
9878 5775
9879 3934
9880 4467
9881 8058
9882 4469
9883 9341
9884 8690
9885 4177
9886 971
9887 8158
9888 4128
9889 6943
9890 6129
9891 1634
9892 1243
9893 7798
9894 2332
9895 9043
9896 2529
9897 8817
9898 3769
9899 8977
9900 3757
9901 9693
9902 8917
9903 1460
9904 3552
9905 1061
9906 2577
9907 9896
9908 4493
9909 7376
9910 4550
9911 8885
9912 1035
9913 5375
9914 8588
9915 5890
9916 6585
9917 7815
9918 1845
9919 2886
9920 3198
9921 8260
9922 7696
9923 2861
9924 1236
9925 3335
9926 9890
9927 3991
9928 704
9929 3561
9930 148
9931 6294
9932 194
9933 1088
9934 1470
9935 3565
9936 9320
9937 5783
9938 1221
9939 5599
9940 8758
9941 1385
9942 6938
9943 7535
9944 9604
9945 4367
9946 9393
9947 316
9948 1596
9949 7954
9950 6286
9951 5443
9952 8002
9953 6312
9954 1134
9955 8478
9956 8283
9957 6927
9958 8251
9959 6920
9960 8080
9961 4264
9962 3790
9963 850
9964 7487
9965 2793
9966 450
9967 4825
9968 9307
9969 9972
9970 4595
9971 147
9972 817
9973 589
9974 2048
9975 1058
9976 8310
9977 2524
9978 9080
9979 4991
9980 1336
9981 8199
9982 5019
9983 1296
9984 3580
9985 4356
9986 7314
9987 9668
9988 6264
9989 6450
9990 226
9991 7591
9992 4402
9993 6751
9994 2620
9995 7463
9996 1395
9997 3262
9998 7321
9999 2112
10000 8428
