2 294
3 503
4 205
5 770
6 432
7 821
8 849
9 840
10 28
11 132
12 983
13 657
14 64
15 669
16 229
17 661
18 475
19 933
20 605
21 517
22 407
23 265
24 128
25 741
26 490
27 710
28 621
29 947
30 738
31 387
32 69
33 346
34 746
35 730
36 262
37 532
38 750
39 91
40 51
41 961
42 872
43 466
44 315
45 6
46 376
47 140
48 292
49 324
50 822
51 479
52 504
53 284
54 84
55 876
56 194
57 192
58 185
59 22
60 942
61 787
62 128
63 645
64 113
65 620
66 599
67 665
68 268
69 716
70 52
71 689
72 668
73 327
74 342
75 638
76 613
77 542
78 993
79 437
80 476
81 756
82 65
83 360
84 568
85 580
86 923
87 4
88 427
89 436
90 827
91 931
92 148
93 991
94 588
95 536
96 535
97 583
98 909
99 442
100 250
101 863
102 438
103 612
104 773
105 265
106 231
107 475
108 617
109 48
110 163
111 291
112 440
113 937
114 409
115 355
116 123
117 261
118 70
119 586
120 997
121 966
122 504
123 89
124 541
125 295
126 876
127 162
128 38
129 439
130 547
131 967
132 494
133 370
134 571
135 639
136 155
137 510
138 536
139 98
140 371
141 98
142 927
143 755
144 922
145 453
146 505
147 762
148 578
149 859
150 787
151 337
152 813
153 404
154 951
155 244
156 267
157 89
158 290
159 130
160 666
161 839
162 896
163 69
164 175
165 464
166 614
167 620
168 708
169 647
170 852
171 465
172 597
173 93
174 311
175 76
176 300
177 584
178 404
179 603
180 998
181 749
182 52
183 437
184 612
185 61
186 911
187 828
188 604
189 420
190 773
191 628
192 636
193 452
194 980
195 361
196 971
197 239
198 287
199 706
200 32
201 821
202 552
203 37
204 500
205 9
206 31
207 149
208 369
209 602
210 587
211 399
212 275
213 647
214 337
215 60
216 962
217 545
218 902
219 67
220 479
221 66
222 255
223 411
224 521
225 542
226 930
227 844
228 883
229 668
230 127
231 391
232 675
233 409
234 54
235 155
236 777
237 946
238 478
239 760
240 384
241 599
242 469
243 194
244 966
245 84
246 271
247 984
248 983
249 205
250 69
251 696
252 993
253 84
254 962
255 205
256 219
257 985
258 662
259 357
260 861
261 816
262 164
263 224
264 921
265 893
266 797
267 54
268 648
269 918
270 32
271 688
272 851
273 817
274 134
275 621
276 938
277 432
278 355
279 906
280 543
281 874
282 861
283 364
284 793
285 254
286 822
287 911
288 520
289 139
290 806
291 665
292 721
293 133
294 174
295 370
296 422
297 361
298 442
299 5
300 134
301 671
302 815
303 647
304 443
305 702
306 428
307 401
308 825
309 281
310 41
311 123
312 189
313 648
314 37
315 312
316 166
317 895
318 679
319 74
320 42
321 497
322 790
323 907
324 66
325 369
326 529
327 431
328 122
329 178
330 570
331 540
332 321
333 512
334 939
335 818
336 415
337 455
338 915
339 160
340 908
341 370
342 927
343 451
344 879
345 34
346 739
347 336
348 697
349 698
350 1
351 339
352 115
353 81
354 936
355 26
356 497
357 823
358 242
359 89
360 835
361 864
362 576
363 35
364 299
365 767
366 666
367 557
368 512
369 1
370 917
371 983
372 770
373 767
374 466
375 885
376 522
377 975
378 514
379 973
380 501
381 395
382 458
383 51
384 716
385 244
386 212
387 556
388 83
389 882
390 443
391 477
392 248
393 76
394 679
395 986
396 284
397 449
398 770
399 824
400 45
401 250
402 470
403 175
404 721
405 445
406 870
407 848
408 524
409 890
410 853
411 318
412 438
413 568
414 530
415 137
416 967
417 74
418 874
419 417
420 543
421 933
422 64
423 242
424 523
425 153
426 418
427 422
428 712
429 611
430 961
431 92
432 797
433 21
434 105
435 255
436 754
437 401
438 142
439 816
440 710
441 690
442 48
443 212
444 570
445 492
446 635
447 774
448 636
449 361
450 969
451 898
452 743
453 805
454 966
455 200
456 364
457 517
458 544
459 18
460 238
461 437
462 651
463 337
464 727
465 606
466 192
467 931
468 637
469 334
470 916
471 956
472 532
473 244
474 173
475 360
476 189
477 614
478 284
479 936
480 256
481 872
482 355
483 306
484 166
485 793
486 445
487 52
488 318
489 586
490 43
491 936
492 225
493 912
494 414
495 833
496 245
497 586
498 129
499 564
500 215
501 709
502 902
503 141
504 215
505 151
506 777
507 276
508 207
509 499
510 596
511 272
512 137
513 916
514 679
515 834
516 932
517 193
518 299
519 96
520 848
521 129
522 292
523 559
524 173
525 397
526 18
527 134
528 230
529 172
530 787
531 530
532 178
533 383
534 639
535 821
536 64
537 757
538 216
539 693
540 653
541 13
542 607
543 158
544 579
545 259
546 934
547 73
548 817
549 113
550 124
551 713
552 561
553 920
554 127
555 287
556 835
557 298
558 697
559 402
560 109
561 589
562 205
563 254
564 256
565 225
566 682
567 54
568 906
569 110
570 610
571 696
572 42
573 855
574 284
575 89
576 397
577 156
578 497
579 586
580 906
581 617
582 613
583 826
584 173
585 356
586 594
587 676
588 736
589 894
590 334
591 69
592 321
593 298
594 277
595 756
596 793
597 10
598 76
599 136
600 185
601 178
602 156
603 114
604 371
605 540
606 735
607 911
608 492
609 220
610 997
611 923
612 189
613 208
614 840
615 393
616 344
617 174
618 699
619 806
620 67
621 200
622 409
623 365
624 316
625 159
626 996
627 953
628 766
629 772
630 473
631 938
632 536
633 750
634 297
635 172
636 454
637 924
638 497
639 24
640 683
641 901
642 193
643 276
644 582
645 506
646 784
647 449
648 464
649 982
650 554
651 354
652 679
653 396
654 129
655 861
656 694
657 947
658 986
659 670
660 561
661 787
662 390
663 909
664 809
665 212
666 203
667 748
668 562
669 939
670 93
671 31
672 339
673 416
674 298
675 909
676 797
677 698
678 465
679 914
680 583
681 324
682 112
683 568
684 579
685 771
686 246
687 180
688 14
689 857
690 595
691 851
692 51
693 617
694 982
695 253
696 175
697 289
698 961
699 173
700 803
701 239
702 254
703 15
704 245
705 667
706 601
707 689
708 130
709 300
710 623
711 105
712 783
713 630
714 636
715 136
716 472
717 914
718 534
719 399
720 254
721 968
722 736
723 80
724 870
725 550
726 196
727 710
728 246
729 976
730 4
731 265
732 269
733 94
734 776
735 123
736 493
737 318
738 859
739 32
740 59
741 945
742 986
743 112
744 289
745 172
746 212
747 505
748 62
749 498
750 636
751 329
752 719
753 610
754 332
755 710
756 7
757 462
758 554
759 777
760 921
761 209
762 340
763 548
764 451
765 194
766 684
767 550
768 922
769 976
770 252
771 636
772 472
773 660
774 98
775 421
776 673
777 143
778 895
779 55
780 482
781 923
782 26
783 660
784 778
785 568
786 835
787 47
788 898
789 883
790 706
791 697
792 554
793 735
794 676
795 714
796 961
797 576
798 541
799 895
800 502
801 129
802 116
803 765
804 677
805 791
806 913
807 520
808 59
809 485
810 361
811 543
812 486
813 139
814 423
815 348
816 148
817 990
818 205
819 499
820 805
821 863
822 280
823 658
824 175
825 511
826 553
827 81
828 680
829 74
830 155
831 376
832 404
833 794
834 848
835 721
836 67
837 795
838 554
839 458
840 18
841 110
842 519
843 696
844 998
845 937
846 722
847 827
848 751
849 307
850 803
851 225
852 287
853 799
854 640
855 811
856 54
857 355
858 235
859 959
860 318
861 797
862 851
863 610
864 369
865 252
866 436
867 897
868 371
869 649
870 143
871 388
872 546
873 336
874 185
875 842
876 703
877 128
878 751
879 739
880 722
881 778
882 920
883 497
884 623
885 168
886 666
887 997
888 368
889 134
890 414
891 527
892 344
893 98
894 278
895 251
896 448
897 450
898 56
899 872
900 252
901 463
902 144
903 635
904 70
905 86
906 449
907 461
908 953
909 576
910 484
911 391
912 877
913 298
914 384
915 990
916 65
917 961
918 501
919 947
920 459
921 466
922 600
923 788
924 125
925 362
926 572
927 114
928 909
929 988
930 411
931 167
932 629
933 572
934 12
935 186
936 986
937 666
938 494
939 139
940 42
941 386
942 379
943 634
944 663
945 778
946 430
947 514
948 463
949 167
950 944
951 629
952 601
953 8
954 20
955 51
956 161
957 169
958 60
959 32
960 563
961 998
962 453
963 215
964 467
965 208
966 444
967 957
968 208
969 998
970 825
971 1000
972 628
973 765
974 21
975 258
976 432
977 782
978 921
979 244
980 146
981 502
982 279
983 326
984 114
985 957
986 914
987 818
988 102
989 494
990 769
991 598
992 804
993 837
994 186
995 958
996 841
997 356
998 948
999 395
1000 851
