2 386
3 6560
4 8043
5 3326
6 6595
7 3601
8 6623
9 3351
10 8057
11 3035
12 2389
13 5047
14 5353
15 40
16 2978
17 2600
18 3752
19 2119
20 656
21 1947
22 302
23 8148
24 779
25 7860
26 7520
27 836
28 7453
29 2205
30 5003
31 2197
32 1982
33 9601
34 5995
35 7778
36 8812
37 920
38 1965
39 1059
40 4306
41 3157
42 8415
43 9819
44 6278
45 6569
46 4726
47 3413
48 5048
49 6406
50 2993
51 4769
52 9051
53 4323
54 2455
55 810
56 4212
57 8768
58 1172
59 598
60 2358
61 242
62 3521
63 5003
64 5319
65 1524
66 1951
67 9560
68 5983
69 5625
70 5394
71 7518
72 6199
73 5693
74 6694
75 1025
76 5073
77 2637
78 9927
79 590
80 7268
81 1537
82 4199
83 5197
84 5068
85 5117
86 8238
87 6055
88 5140
89 5599
90 7269
91 2360
92 4349
93 7336
94 8820
95 4555
96 6054
97 3288
98 7169
99 9269
100 3729
101 73
102 1084
103 8764
104 8756
105 440
106 1666
107 5611
108 4347
109 1270
110 6660
111 9559
112 128
113 7511
114 4867
115 268
116 8756
117 475
118 7740
119 9578
120 3050
121 1995
122 1612
123 5869
124 3881
125 4775
126 887
127 4834
128 1950
129 2652
130 6407
131 1119
132 4368
133 2832
134 4114
135 7557
136 3177
137 4587
138 3271
139 7934
140 7597
141 1586
142 3269
143 4865
144 3182
145 3682
146 5159
147 6988
148 6077
149 9292
150 1116
151 8863
152 5493
153 7982
154 3267
155 1894
156 8314
157 8798
158 216
159 6924
160 8091
161 3993
162 1319
163 2340
164 6070
165 9119
166 7594
167 7773
168 6694
169 7745
170 8165
171 9645
172 2829
173 313
174 803
175 8805
176 1560
177 4749
178 1800
179 3273
180 7415
181 2127
182 5847
183 5059
184 7292
185 4565
186 2145
187 543
188 1614
189 2762
190 7519
191 3729
192 487
193 7777
194 5106
195 9348
196 5098
197 4974
198 2136
199 9894
200 8665
201 4659
202 9677
203 744
204 4632
205 7877
206 1060
207 5779
208 6161
209 3734
210 5002
211 3824
212 1042
213 5220
214 4694
215 4281
216 9027
217 4645
218 5711
219 258
220 2364
221 2881
222 7965
223 7716
224 320
225 999
226 4839
227 832
228 3234
229 2517
230 1422
231 5826
232 9748
233 2133
234 5272
235 4656
236 3100
237 2878
238 2429
239 515
240 9505
241 2935
242 5425
243 9802
244 3349
245 5841
246 5161
247 8054
248 2451
249 2476
250 8768
251 1523
252 3566
253 6895
254 4026
255 1017
256 6837
257 9080
258 651
259 8604
260 4700
261 9363
262 4866
263 305
264 3890
265 5454
266 6512
267 9276
268 8815
269 4828
270 2679
271 3209
272 5061
273 8050
274 9182
275 8102
276 8526
277 4980
278 5796
279 4871
280 5081
281 2093
282 9746
283 3399
284 1200
285 9623
286 5469
287 9101
288 281
289 1522
290 780
291 878
292 5859
293 4259
294 7568
295 5254
296 5960
297 7426
298 568
299 808
300 7922
301 3122
302 5117
303 3771
304 2443
305 3481
306 8993
307 5066
308 3478
309 7692
310 2968
311 5042
312 4281
313 7085
314 6397
315 907
316 4661
317 9890
318 5772
319 965
320 7925
321 9850
322 4836
323 7868
324 3101
325 7760
326 1022
327 8447
328 7308
329 9311
330 4233
331 1505
332 316
333 2640
334 1724
335 6757
336 9221
337 4908
338 494
339 9573
340 1311
341 9053
342 9913
343 5835
344 1282
345 1893
346 7369
347 2896
348 3298
349 2684
350 5949
351 6440
352 8713
353 6289
354 5112
355 2003
356 5006
357 593
358 9794
359 7025
360 2171
361 6371
362 4400
363 6185
364 5072
365 3119
366 4267
367 6235
368 4831
369 9738
370 3686
371 3779
372 2170
373 7084
374 329
375 6955
376 2691
377 6778
378 5918
379 9604
380 1903
381 6348
382 1561
383 9072
384 5055
385 2457
386 7517
387 6952
388 3622
389 6389
390 4464
391 6293
392 1807
393 4655
394 6135
395 1791
396 6211
397 5047
398 4895
399 4692
400 8774
401 6764
402 1452
403 7697
404 3591
405 8307
406 3145
407 6065
408 6965
409 4903
410 2179
411 8695
412 7627
413 5931
414 9705
415 9865
416 4805
417 3572
418 2662
419 4839
420 2276
421 6953
422 2065
423 6748
424 4934
425 4924
426 8105
427 4975
428 576
429 2711
430 8109
431 7981
432 4572
433 9886
434 5065
435 1142
436 687
437 6604
438 6778
439 1841
440 6722
441 2441
442 8046
443 3087
444 8780
445 6784
446 2214
447 5319
448 2028
449 967
450 2716
451 186
452 2694
453 6425
454 9574
455 9907
456 5156
457 979
458 3399
459 4681
460 2990
461 7642
462 8940
463 1334
464 9954
465 9012
466 6564
467 1800
468 632
469 7949
470 7158
471 1081
472 3884
473 6629
474 9161
475 8605
476 6229
477 3670
478 8648
479 3467
480 4386
481 5255
482 3985
483 8127
484 7818
485 8405
486 1808
487 5104
488 1214
489 9055
490 8300
491 6563
492 9242
493 8989
494 4309
495 7198
496 9886
497 7084
498 4444
499 9757
500 4060
501 6828
502 3062
503 5945
504 1121
505 8954
506 5993
507 1476
508 3344
509 7571
510 1418
511 9103
512 9814
513 7643
514 8127
515 7656
516 8146
517 8841
518 8397
519 1412
520 7826
521 4354
522 7288
523 1127
524 1191
525 9854
526 4436
527 3851
528 1924
529 9377
530 50
531 6306
532 7981
533 2345
534 3987
535 5808
536 7744
537 1376
538 1510
539 9424
540 1404
541 9400
542 3098
543 4919
544 8103
545 1385
546 5101
547 4417
548 4003
549 4037
550 1214
551 5348
552 1440
553 7568
554 503
555 923
556 1625
557 1840
558 3440
559 4959
560 947
561 1519
562 3235
563 7013
564 3928
565 2154
566 5437
567 4166
568 4595
569 2157
570 6783
571 7945
572 4101
573 4622
574 1582
575 1167
576 3713
577 9409
578 9566
579 4402
580 8102
581 8411
582 5099
583 3628
584 2835
585 3238
586 5136
587 9182
588 5187
589 904
590 409
591 7557
592 9928
593 1634
594 9998
595 4925
596 4141
597 8103
598 1454
599 8548
600 1414
601 3410
602 8975
603 8620
604 2556
605 369
606 4234
607 439
608 6540
609 6958
610 7383
611 9959
612 7689
613 1969
614 2722
615 921
616 9667
617 4462
618 5122
619 9218
620 7752
621 8760
622 6894
623 9403
624 1358
625 1997
626 3937
627 5096
628 6903
629 9550
630 4219
631 8197
632 571
633 7348
634 7194
635 6696
636 766
637 2616
638 6595
639 7137
640 470
641 2885
642 9063
643 1173
644 7252
645 3419
646 5781
647 627
648 3715
649 9028
650 9324
651 7968
652 823
653 8792
654 6650
655 8337
656 6352
657 4500
658 7533
659 603
660 6007
661 6034
662 6527
663 7071
664 365
665 3046
666 8928
667 780
668 9593
669 5916
670 9539
671 6872
672 3544
673 6466
674 3238
675 8785
676 6081
677 2136
678 6284
679 6445
680 397
681 8047
682 388
683 2139
684 6601
685 4195
686 4898
687 9886
688 465
689 165
690 430
691 3743
692 4800
693 1687
694 8556
695 8384
696 2894
697 633
698 2305
699 2251
700 9227
701 6075
702 2966
703 7052
704 9218
705 1834
706 6188
707 9511
708 8826
709 8532
710 6793
711 7757
712 3461
713 5862
714 5072
715 3737
716 1520
717 3598
718 3491
719 5
720 6806
721 6541
722 9953
723 6563
724 2935
725 1528
726 6951
727 731
728 8695
729 8715
730 358
731 1
732 4380
733 3190
734 2878
735 7308
736 3097
737 5832
738 9208
739 5864
740 8168
741 2633
742 6293
743 4923
744 3028
745 6332
746 8568
747 3
748 6784
749 9810
750 4570
751 8169
752 6650
753 619
754 2130
755 7337
756 1614
757 5526
758 3401
759 8340
760 8519
761 8531
762 2029
763 7957
764 2021
765 8368
766 8995
767 5441
768 4190
769 9841
770 3264
771 8750
772 2816
773 2576
774 1183
775 6007
776 6830
777 9279
778 1494
779 9498
780 4313
781 8937
782 389
783 252
784 8247
785 2564
786 2626
787 3515
788 8977
789 9226
790 512
791 4868
792 6336
793 1766
794 3997
795 7571
796 4084
797 2918
798 3069
799 1076
800 8159
801 6489
802 2635
803 3200
804 1851
805 7082
806 5807
807 1899
808 9864
809 8896
810 7813
811 3715
812 3222
813 6505
814 6258
815 9565
816 5630
817 2900
818 7039
819 5922
820 1675
821 3894
822 2446
823 759
824 7782
825 1835
826 9055
827 5845
828 8387
829 2750
830 3904
831 6729
832 2702
833 6147
834 1802
835 1424
836 9796
837 608
838 8182
839 8469
840 5011
841 2866
842 7115
843 7371
844 1748
845 9351
846 7898
847 5707
848 4786
849 8506
850 472
851 2625
852 7208
853 6583
854 3338
855 7465
856 3698
857 8930
858 9312
859 1758
860 67
861 4579
862 5273
863 3147
864 2389
865 1542
866 1338
867 4584
868 7460
869 1596
870 8282
871 7600
872 6259
873 3067
874 1733
875 8552
876 2047
877 8751
878 6160
879 8699
880 3261
881 3870
882 4012
883 8563
884 7669
885 2716
886 4249
887 1717
888 9405
889 1786
890 4438
891 5239
892 2729
893 5366
894 3216
895 4610
896 410
897 227
898 3257
899 9071
900 3308
901 4834
902 1324
903 7355
904 1330
905 3780
906 7714
907 8924
908 301
909 3640
910 5141
911 6057
912 3675
913 2602
914 1317
915 850
916 1560
917 4484
918 1124
919 9049
920 2885
921 1320
922 4109
923 453
924 6907
925 3491
926 9962
927 2776
928 492
929 2678
930 7818
931 7980
932 592
933 7576
934 4974
935 2292
936 825
937 3005
938 9680
939 2178
940 1347
941 4154
942 3217
943 9396
944 3277
945 241
946 8134
947 5232
948 7153
949 7097
950 9326
951 5146
952 3594
953 2718
954 3244
955 6839
956 4627
957 3751
958 914
959 7832
960 5630
961 4656
962 655
963 9106
964 719
965 2242
966 6168
967 9645
968 8856
969 2571
970 4100
971 2558
972 6347
973 7191
974 3264
975 4950
976 8015
977 480
978 4526
979 3186
980 6264
981 2098
982 2388
983 7006
984 6469
985 893
986 19
987 9332
988 549
989 9543
990 9271
991 2550
992 2918
993 7450
994 1535
995 3619
996 5837
997 66
998 4292
999 2421
1000 3183
1001 1436
1002 8253
1003 8485
1004 4182
1005 410
1006 3909
1007 3765
1008 2753
1009 7377
1010 9197
1011 2812
1012 933
1013 1763
1014 8880
1015 8558
1016 5280
1017 5009
1018 7268
1019 892
1020 4344
1021 6058
1022 3790
1023 7908
1024 3033
1025 3864
1026 2606
1027 48
1028 2642
1029 4591
1030 7981
1031 985
1032 9435
1033 8710
1034 6845
1035 2296
1036 8901
1037 7088
1038 378
1039 6446
1040 5949
1041 5880
1042 8665
1043 4044
1044 1716
1045 2692
1046 3642
1047 799
1048 1632
1049 5606
1050 9219
1051 7992
1052 9228
1053 2601
1054 9194
1055 7076
1056 8709
1057 2530
1058 4797
1059 9928
1060 6832
1061 8940
1062 8177
1063 3246
1064 5200
1065 2028
1066 157
1067 8862
1068 9151
1069 7611
1070 5717
1071 3028
1072 9242
1073 1339
1074 7141
1075 6222
1076 3857
1077 2164
1078 3481
1079 6654
1080 3640
1081 9126
1082 9205
1083 1841
1084 9580
1085 9211
1086 4865
1087 3515
1088 7265
1089 1874
1090 3083
1091 6534
1092 495
1093 8628
1094 2158
1095 5071
1096 4491
1097 1633
1098 1082
1099 225
1100 3017
1101 8061
1102 4151
1103 760
1104 1092
1105 1698
1106 6700
1107 2945
1108 9357
1109 2494
1110 8831
1111 543
1112 9935
1113 4738
1114 9654
1115 8339
1116 1757
1117 6058
1118 2511
1119 6671
1120 8701
1121 7991
1122 3276
1123 2568
1124 2311
1125 3296
1126 2835
1127 588
1128 5455
1129 873
1130 3181
1131 9855
1132 8999
1133 6332
1134 6834
1135 6215
1136 292
1137 9166
1138 8318
1139 6870
1140 5657
1141 9105
1142 6544
1143 902
1144 2466
1145 5785
1146 9260
1147 2384
1148 4564
1149 6058
1150 8960
1151 9570
1152 8147
1153 8674
1154 8644
1155 6289
1156 6449
1157 8383
1158 4059
1159 3763
1160 8512
1161 775
1162 7208
1163 112
1164 2993
1165 6349
1166 8472
1167 1003
1168 6469
1169 5834
1170 4372
1171 3516
1172 8523
1173 186
1174 9884
1175 8781
1176 8257
1177 5032
1178 6577
1179 4993
1180 5366
1181 4538
1182 2673
1183 2466
1184 180
1185 93
1186 626
1187 4589
1188 7843
1189 2089
1190 343
1191 3464
1192 1162
1193 8082
1194 5102
1195 4490
1196 6047
1197 4441
1198 7328
1199 5072
1200 2106
1201 2762
1202 6477
1203 8553
1204 7199
1205 9384
1206 7640
1207 2751
1208 6997
1209 6795
1210 9802
1211 4154
1212 877
1213 2318
1214 4076
1215 9168
1216 2888
1217 2024
1218 3788
1219 3048
1220 8107
1221 2750
1222 2941
1223 2441
1224 2074
1225 6033
1226 8561
1227 4765
1228 2848
1229 5830
1230 7888
1231 817
1232 8241
1233 58
1234 3487
1235 8734
1236 407
1237 1292
1238 9650
1239 8254
1240 2421
1241 8785
1242 4715
1243 5154
1244 2597
1245 4271
1246 1423
1247 2545
1248 638
1249 6055
1250 2984
1251 1135
1252 7294
1253 6228
1254 5371
1255 9286
1256 9262
1257 9632
1258 203
1259 2340
1260 9712
1261 7222
1262 6347
1263 9771
1264 552
1265 7018
1266 8132
1267 3566
1268 5245
1269 8793
1270 1138
1271 4655
1272 2997
1273 3850
1274 8310
1275 546
1276 9482
1277 8406
1278 6637
1279 8665
1280 1240
1281 5118
1282 4223
1283 6873
1284 7041
1285 5503
1286 7135
1287 5259
1288 9184
1289 334
1290 3914
1291 2160
1292 9109
1293 7442
1294 6038
1295 6556
1296 5805
1297 7344
1298 7604
1299 973
1300 3799
1301 1689
1302 7733
1303 2768
1304 3251
1305 8840
1306 4715
1307 43
1308 9940
1309 2108
1310 3644
1311 1590
1312 5838
1313 4119
1314 5141
1315 6548
1316 883
1317 8673
1318 3813
1319 2046
1320 939
1321 9782
1322 1272
1323 6383
1324 5218
1325 5723
1326 6498
1327 7162
1328 2633
1329 5139
1330 9550
1331 4915
1332 4619
1333 8676
1334 5516
1335 8423
1336 4030
1337 707
1338 57
1339 1036
1340 4826
1341 1292
1342 719
1343 3939
1344 1025
1345 3425
1346 8701
1347 7549
1348 5185
1349 5913
1350 9545
1351 598
1352 4535
1353 9147
1354 2359
1355 1413
1356 511
1357 1845
1358 5415
1359 9197
1360 6994
1361 9454
1362 1753
1363 1321
1364 6779
1365 3975
1366 8564
1367 9486
1368 5865
1369 4121
1370 4417
1371 7031
1372 5554
1373 3157
1374 4930
1375 7778
1376 7565
1377 4158
1378 4330
1379 1618
1380 3634
1381 9023
1382 4059
1383 6636
1384 8981
1385 7414
1386 7986
1387 3564
1388 1683
1389 6210
1390 67
1391 3510
1392 1530
1393 8630
1394 405
1395 1388
1396 3565
1397 7621
1398 5109
1399 9150
1400 2354
1401 1613
1402 9513
1403 5114
1404 4459
1405 9589
1406 9148
1407 4248
1408 1711
1409 5386
1410 9799
1411 5466
1412 6407
1413 731
1414 4315
1415 4514
1416 9240
1417 7290
1418 2787
1419 4758
1420 1976
1421 799
1422 3465
1423 8824
1424 2063
1425 8933
1426 8587
1427 3056
1428 90
1429 6709
1430 2632
1431 8111
1432 5680
1433 1183
1434 6601
1435 9665
1436 7457
1437 1138
1438 3320
1439 4655
1440 4985
1441 619
1442 8901
1443 6453
1444 840
1445 1850
1446 6868
1447 6154
1448 224
1449 3591
1450 7531
1451 7355
1452 4923
1453 10
1454 2632
1455 5616
1456 1723
1457 5431
1458 4994
1459 5389
1460 5928
1461 6578
1462 1489
1463 9965
1464 8953
1465 3601
1466 3527
1467 5221
1468 4988
1469 9183
1470 9157
1471 9421
1472 1282
1473 2346
1474 3764
1475 9920
1476 2327
1477 2096
1478 1277
1479 9401
1480 628
1481 2733
1482 2234
1483 5153
1484 3959
1485 5939
1486 4146
1487 5393
1488 1657
1489 8999
1490 4257
1491 2304
1492 3763
1493 4100
1494 5994
1495 7646
1496 1932
1497 5982
1498 4768
1499 7114
1500 6736
1501 7115
1502 6486
1503 791
1504 4913
1505 2718
1506 870
1507 4265
1508 6514
1509 6196
1510 44
1511 7159
1512 9795
1513 3400
1514 4518
1515 5939
1516 8409
1517 9228
1518 4447
1519 2650
1520 8016
1521 9925
1522 1844
1523 4564
1524 570
1525 7930
1526 5715
1527 4365
1528 8491
1529 679
1530 3099
1531 5445
1532 3692
1533 542
1534 1798
1535 8992
1536 565
1537 5516
1538 2553
1539 9895
1540 9614
1541 1396
1542 9633
1543 4447
1544 5641
1545 7413
1546 5356
1547 520
1548 1797
1549 6465
1550 4313
1551 1564
1552 464
1553 8984
1554 4179
1555 6269
1556 1417
1557 7647
1558 7433
1559 1830
1560 8963
1561 9613
1562 8000
1563 1274
1564 1634
1565 6396
1566 3199
1567 5845
1568 3207
1569 3145
1570 3147
1571 3838
1572 618
1573 9556
1574 2763
1575 9645
1576 7032
1577 4991
1578 2567
1579 206
1580 8105
1581 9766
1582 2317
1583 8693
1584 2635
1585 2709
1586 9960
1587 5787
1588 9965
1589 1970
1590 2540
1591 3846
1592 8330
1593 3060
1594 8377
1595 7403
1596 7709
1597 4767
1598 2859
1599 4962
1600 1842
1601 6093
1602 1776
1603 5121
1604 2269
1605 478
1606 7861
1607 6676
1608 6441
1609 5236
1610 2422
1611 164
1612 8215
1613 485
1614 5538
1615 8178
1616 8416
1617 5341
1618 9847
1619 9116
1620 1451
1621 3879
1622 3051
1623 5097
1624 5956
1625 3464
1626 670
1627 4383
1628 29
1629 116
1630 4621
1631 1682
1632 2396
1633 5157
1634 1274
1635 7866
1636 2157
1637 8267
1638 7788
1639 524
1640 227
1641 8081
1642 7666
1643 7725
1644 1694
1645 1353
1646 5572
1647 3545
1648 5174
1649 9506
1650 8720
1651 1325
1652 3687
1653 3296
1654 5590
1655 7919
1656 2858
1657 7833
1658 6688
1659 8037
1660 5543
1661 3649
1662 364
1663 9301
1664 8289
1665 1106
1666 8092
1667 5984
1668 641
1669 8470
1670 7701
1671 7708
1672 9652
1673 3624
1674 5985
1675 4868
1676 8649
1677 3513
1678 7025
1679 9532
1680 897
1681 2654
1682 8796
1683 846
1684 7203
1685 4224
1686 6831
1687 8767
1688 5067
1689 3566
1690 8054
1691 8487
1692 9771
1693 9737
1694 4744
1695 4743
1696 578
1697 4810
1698 9451
1699 853
1700 3941
1701 4827
1702 3932
1703 7931
1704 8640
1705 6905
1706 7167
1707 2715
1708 8349
1709 2832
1710 6490
1711 1986
1712 9584
1713 2774
1714 582
1715 7090
1716 1018
1717 3916
1718 6201
1719 4815
1720 8928
1721 148
1722 2741
1723 9679
1724 6098
1725 4613
1726 9912
1727 8075
1728 3969
1729 1840
1730 6854
1731 4924
1732 5993
1733 963
1734 2005
1735 7744
1736 9812
1737 2869
1738 4951
1739 606
1740 823
1741 2064
1742 280
1743 9780
1744 8942
1745 9868
1746 978
1747 326
1748 6045
1749 7594
1750 1456
1751 3857
1752 9800
1753 5047
1754 1565
1755 9630
1756 846
1757 8627
1758 35
1759 7370
1760 7666
1761 7153
1762 5362
1763 23
1764 9078
1765 7007
1766 7416
1767 7089
1768 5558
1769 1465
1770 1601
1771 1089
1772 9303
1773 8747
1774 9037
1775 6214
1776 9940
1777 2930
1778 8007
1779 7717
1780 2125
1781 2875
1782 4519
1783 9985
1784 7215
1785 9210
1786 4516
1787 135
1788 3315
1789 2616
1790 9756
1791 5002
1792 4864
1793 3480
1794 6218
1795 3870
1796 9421
1797 2221
1798 6139
1799 266
1800 9302
1801 9670
1802 7546
1803 7999
1804 7981
1805 7922
1806 7088
1807 9703
1808 7642
1809 7846
1810 6649
1811 4581
1812 8465
1813 216
1814 6971
1815 3410
1816 4212
1817 5588
1818 6555
1819 3375
1820 2629
1821 4912
1822 4859
1823 9959
1824 2962
1825 7895
1826 6946
1827 4032
1828 8959
1829 6437
1830 2189
1831 8264
1832 1916
1833 8467
1834 8952
1835 6763
1836 9716
1837 8449
1838 925
1839 6366
1840 4367
1841 6257
1842 7425
1843 7345
1844 9123
1845 5081
1846 9182
1847 3497
1848 637
1849 5140
1850 1738
1851 6278
1852 575
1853 4406
1854 5393
1855 4781
1856 4952
1857 9208
1858 2954
1859 2586
1860 6922
1861 7916
1862 8847
1863 8160
1864 7945
1865 8592
1866 7506
1867 2983
1868 8892
1869 6941
1870 6373
1871 4025
1872 709
1873 3864
1874 2921
1875 7000
1876 2696
1877 2091
1878 1463
1879 3521
1880 293
1881 547
1882 6251
1883 2484
1884 7608
1885 9611
1886 5810
1887 97
1888 2325
1889 6300
1890 409
1891 8602
1892 5897
1893 9456
1894 7062
1895 8862
1896 4996
1897 4823
1898 3452
1899 2687
1900 2633
1901 965
1902 4676
1903 2046
1904 2476
1905 1275
1906 3802
1907 9374
1908 133
1909 4326
1910 1466
1911 5751
1912 2156
1913 7403
1914 2457
1915 6858
1916 9409
1917 5312
1918 8973
1919 2209
1920 6546
1921 273
1922 4523
1923 9744
1924 8820
1925 3687
1926 1542
1927 4418
1928 2901
1929 3157
1930 6910
1931 5724
1932 8520
1933 8986
1934 5800
1935 1291
1936 6867
1937 7553
1938 1424
1939 8648
1940 9650
1941 3064
1942 65
1943 8797
1944 1449
1945 5859
1946 2898
1947 1548
1948 7628
1949 7472
1950 5978
1951 6863
1952 1875
1953 3727
1954 4082
1955 9884
1956 4432
1957 159
1958 6976
1959 3976
1960 9890
1961 558
1962 1654
1963 9086
1964 1094
1965 2618
1966 4831
1967 9914
1968 4596
1969 3776
1970 7154
1971 6580
1972 3675
1973 7545
1974 9378
1975 6579
1976 9067
1977 9562
1978 6923
1979 6434
1980 2231
1981 8343
1982 4137
1983 9340
1984 9154
1985 4293
1986 6348
1987 7698
1988 7619
1989 1359
1990 5711
1991 9780
1992 9759
1993 990
1994 1328
1995 6247
1996 9159
1997 7944
1998 9158
1999 6926
2000 7541
2001 9301
2002 895
2003 5797
2004 8424
2005 9785
2006 3690
2007 2335
2008 7803
2009 1356
2010 5833
2011 1496
2012 1060
2013 3349
2014 3244
2015 602
2016 2507
2017 2394
2018 9169
2019 4671
2020 1716
2021 7239
2022 1172
2023 4753
2024 4765
2025 2404
2026 2408
2027 5774
2028 4372
2029 2876
2030 9345
2031 3939
2032 2024
2033 627
2034 7717
2035 8743
2036 8148
2037 2533
2038 3077
2039 4521
2040 6153
2041 5974
2042 2468
2043 1256
2044 1647
2045 2634
2046 229
2047 7461
2048 849
2049 3677
2050 6451
2051 6248
2052 2116
2053 7038
2054 4726
2055 2492
2056 8247
2057 2965
2058 625
2059 9972
2060 556
2061 3222
2062 6315
2063 3304
2064 8397
2065 4566
2066 2658
2067 9572
2068 2709
2069 6778
2070 9874
2071 9213
2072 4334
2073 4555
2074 5006
2075 7379
2076 2245
2077 5732
2078 7150
2079 2674
2080 3
2081 1837
2082 4383
2083 7507
2084 3119
2085 6514
2086 3355
2087 9106
2088 2695
2089 3170
2090 5386
2091 5366
2092 2430
2093 1454
2094 1877
2095 411
2096 2379
2097 1638
2098 642
2099 226
2100 9097
2101 2835
2102 1990
2103 9182
2104 1708
2105 3269
2106 9357
2107 4163
2108 5405
2109 48
2110 7485
2111 5664
2112 6169
2113 5037
2114 9719
2115 6682
2116 5043
2117 4104
2118 2455
2119 2680
2120 7029
2121 3540
2122 1446
2123 3444
2124 8570
2125 1038
2126 7551
2127 6706
2128 1556
2129 7843
2130 5510
2131 6076
2132 1855
2133 7663
2134 7975
2135 1123
2136 9586
2137 8945
2138 148
2139 8744
2140 9263
2141 9049
2142 1802
2143 1092
2144 6423
2145 1974
2146 5221
2147 5502
2148 9004
2149 7838
2150 350
2151 3695
2152 9837
2153 591
2154 3104
2155 9378
2156 881
2157 9799
2158 4720
2159 6116
2160 1068
2161 9241
2162 3572
2163 6476
2164 1512
2165 3681
2166 1132
2167 2286
2168 8219
2169 822
2170 3870
2171 6600
2172 9928
2173 357
2174 8263
2175 3203
2176 1830
2177 1115
2178 9331
2179 313
2180 8706
2181 4165
2182 5034
2183 208
2184 77
2185 3708
2186 6093
2187 3742
2188 7488
2189 6728
2190 2163
2191 2551
2192 9245
2193 3578
2194 1389
2195 9275
2196 1850
2197 7107
2198 6263
2199 9511
2200 2635
2201 6148
2202 5324
2203 1201
2204 7685
2205 5984
2206 3117
2207 1142
2208 2233
2209 9880
2210 2394
2211 5625
2212 8346
2213 460
2214 8461
2215 4562
2216 5430
2217 6734
2218 3795
2219 5182
2220 9142
2221 4564
2222 5928
2223 4101
2224 5856
2225 8716
2226 8726
2227 7565
2228 475
2229 5051
2230 1853
2231 7187
2232 7921
2233 8128
2234 302
2235 4180
2236 4335
2237 4387
2238 848
2239 8492
2240 2096
2241 9929
2242 7937
2243 2731
2244 3684
2245 2985
2246 9673
2247 1418
2248 9782
2249 5689
2250 1647
2251 8905
2252 6349
2253 884
2254 6420
2255 3533
2256 4797
2257 2693
2258 9227
2259 4740
2260 6655
2261 4140
2262 6982
2263 5042
2264 2529
2265 453
2266 6255
2267 5160
2268 9666
2269 1134
2270 8378
2271 901
2272 7506
2273 9885
2274 6765
2275 4903
2276 3751
2277 345
2278 5201
2279 9791
2280 8304
2281 5689
2282 4136
2283 894
2284 3070
2285 1238
2286 5865
2287 4901
2288 4036
2289 7752
2290 1493
2291 5639
2292 3708
2293 4574
2294 7237
2295 3379
2296 6795
2297 855
2298 9535
2299 7923
2300 5055
2301 9951
2302 474
2303 2078
2304 7771
2305 7531
2306 1596
2307 6902
2308 7092
2309 896
2310 9087
2311 6855
2312 7901
2313 8881
2314 8828
2315 7786
2316 652
2317 4839
2318 3982
2319 8195
2320 2327
2321 6309
2322 3838
2323 8503
2324 5608
2325 5971
2326 7100
2327 8740
2328 2786
2329 6867
2330 853
2331 6226
2332 1667
2333 9049
2334 6320
2335 4888
2336 2794
2337 2359
2338 4131
2339 3404
2340 5667
2341 7935
2342 3220
2343 3210
2344 9357
2345 2768
2346 3128
2347 3432
2348 741
2349 5277
2350 6649
2351 6767
2352 2615
2353 6356
2354 8262
2355 9217
2356 8691
2357 9241
2358 5994
2359 9267
2360 7810
2361 801
2362 6329
2363 9604
2364 4626
2365 922
2366 5521
2367 5844
2368 2838
2369 4136
2370 7992
2371 8740
2372 9583
2373 8001
2374 2819
2375 3889
2376 6575
2377 419
2378 2328
2379 5750
2380 7734
2381 405
2382 2094
2383 2170
2384 1711
2385 2563
2386 6193
2387 920
2388 500
2389 8756
2390 6553
2391 9325
2392 9210
2393 6032
2394 7341
2395 9036
2396 5349
2397 9354
2398 5531
2399 7109
2400 5916
2401 5220
2402 8499
2403 6782
2404 2065
2405 8543
2406 3324
2407 8977
2408 2953
2409 5138
2410 5423
2411 9478
2412 8840
2413 7736
2414 9015
2415 2597
2416 6562
2417 6126
2418 2712
2419 7497
2420 5274
2421 1378
2422 5649
2423 8355
2424 1523
2425 4505
2426 8474
2427 3718
2428 2234
2429 1935
2430 1822
2431 2930
2432 2458
2433 5196
2434 4257
2435 5210
2436 2143
2437 7932
2438 1765
2439 3113
2440 313
2441 1579
2442 2005
2443 6819
2444 4639
2445 448
2446 3701
2447 1724
2448 6689
2449 6024
2450 5423
2451 7765
2452 2421
2453 482
2454 4332
2455 6712
2456 5531
2457 802
2458 5579
2459 6942
2460 5769
2461 6004
2462 3131
2463 9174
2464 4868
2465 1123
2466 2723
2467 8983
2468 8570
2469 5898
2470 1164
2471 9536
2472 40
2473 3782
2474 1559
2475 9465
2476 722
2477 3854
2478 8411
2479 6886
2480 6813
2481 2563
2482 5480
2483 5118
2484 6884
2485 5059
2486 552
2487 927
2488 5048
2489 7133
2490 1283
2491 7346
2492 7233
2493 3650
2494 6436
2495 22
2496 6649
2497 192
2498 3920
2499 7829
2500 9202
2501 8506
2502 4522
2503 6744
2504 9267
2505 6338
2506 7472
2507 2912
2508 1621
2509 4343
2510 5291
2511 266
2512 800
2513 4391
2514 6919
2515 128
2516 5440
2517 8564
2518 4010
2519 9027
2520 955
2521 3500
2522 9688
2523 3699
2524 7654
2525 5673
2526 1155
2527 2091
2528 4519
2529 4104
2530 2545
2531 8388
2532 6494
2533 3995
2534 2998
2535 9940
2536 231
2537 4928
2538 4088
2539 5848
2540 4710
2541 9507
2542 4945
2543 653
2544 8548
2545 3513
2546 893
2547 8877
2548 3207
2549 9457
2550 701
2551 4131
2552 4258
2553 2806
2554 4903
2555 6122
2556 9826
2557 9263
2558 2234
2559 5877
2560 6544
2561 1975
2562 2747
2563 9249
2564 1586
2565 3184
2566 2944
2567 5868
2568 8696
2569 6295
2570 3746
2571 6796
2572 983
2573 7554
2574 8248
2575 1199
2576 7964
2577 5968
2578 2481
2579 6064
2580 7189
2581 7348
2582 8116
2583 5380
2584 1069
2585 5307
2586 7125
2587 5295
2588 3922
2589 3710
2590 3624
2591 615
2592 5410
2593 9907
2594 3685
2595 288
2596 855
2597 3091
2598 7260
2599 1973
2600 6464
2601 886
2602 8930
2603 9796
2604 4869
2605 7590
2606 7508
2607 2008
2608 5405
2609 9650
2610 7696
2611 5351
2612 8812
2613 2721
2614 5990
2615 3274
2616 7257
2617 1986
2618 7096
2619 8201
2620 6663
2621 3373
2622 5875
2623 2230
2624 8919
2625 4275
2626 3388
2627 4824
2628 6629
2629 1906
2630 4913
2631 2977
2632 2062
2633 7878
2634 6288
2635 5068
2636 2298
2637 1036
2638 955
2639 7283
2640 758
2641 5663
2642 2997
2643 4229
2644 952
2645 2426
2646 120
2647 501
2648 5810
2649 4675
2650 2157
2651 5007
2652 9391
2653 6146
2654 5844
2655 4382
2656 6164
2657 9244
2658 7209
2659 1126
2660 3908
2661 7541
2662 9680
2663 2450
2664 8637
2665 324
2666 7022
2667 3833
2668 9349
2669 3846
2670 5372
2671 1573
2672 1446
2673 5974
2674 6338
2675 8315
2676 6597
2677 6315
2678 3908
2679 3250
2680 2608
2681 8447
2682 4669
2683 7810
2684 5990
2685 4358
2686 6946
2687 356
2688 6515
2689 8472
2690 6556
2691 3137
2692 7699
2693 2163
2694 7258
2695 1491
2696 6467
2697 8018
2698 1083
2699 8833
2700 9345
2701 6739
2702 510
2703 1778
2704 1175
2705 9109
2706 1514
2707 4012
2708 606
2709 9058
2710 3046
2711 8397
2712 4982
2713 6156
2714 4219
2715 466
2716 1493
2717 6549
2718 7955
2719 7405
2720 4989
2721 9981
2722 6243
2723 7600
2724 4140
2725 988
2726 1193
2727 9084
2728 7529
2729 2093
2730 4610
2731 3998
2732 8507
2733 442
2734 8756
2735 2346
2736 8278
2737 6611
2738 4058
2739 8295
2740 71
2741 4586
2742 8361
2743 494
2744 7214
2745 675
2746 2549
2747 9138
2748 179
2749 8858
2750 789
2751 9910
2752 7395
2753 8225
2754 3707
2755 9018
2756 3592
2757 6618
2758 3461
2759 7534
2760 9462
2761 5184
2762 3388
2763 1567
2764 6600
2765 3118
2766 7459
2767 323
2768 5877
2769 9244
2770 9322
2771 9452
2772 1706
2773 8044
2774 5680
2775 6446
2776 5156
2777 894
2778 3095
2779 9357
2780 5390
2781 4269
2782 3585
2783 6786
2784 5015
2785 2778
2786 7023
2787 2048
2788 5673
2789 8675
2790 3070
2791 3954
2792 5869
2793 4109
2794 5368
2795 3038
2796 9601
2797 4935
2798 4740
2799 8735
2800 7418
2801 7413
2802 2079
2803 1235
2804 730
2805 1004
2806 4859
2807 4471
2808 3985
2809 5006
2810 6332
2811 5603
2812 3164
2813 2333
2814 8009
2815 779
2816 9768
2817 5148
2818 4136
2819 3842
2820 4435
2821 9028
2822 4809
2823 4989
2824 661
2825 2230
2826 543
2827 1222
2828 1400
2829 3168
2830 6266
2831 575
2832 1140
2833 8851
2834 9020
2835 3690
2836 9418
2837 5219
2838 3876
2839 3493
2840 6528
2841 1438
2842 1353
2843 223
2844 850
2845 4524
2846 3688
2847 4929
2848 8771
2849 789
2850 9569
2851 2743
2852 1662
2853 6831
2854 2624
2855 2230
2856 7033
2857 4334
2858 6680
2859 8957
2860 5011
2861 8722
2862 9304
2863 6601
2864 3049
2865 5255
2866 4728
2867 5675
2868 8804
2869 7352
2870 3304
2871 5055
2872 9112
2873 2804
2874 2189
2875 9979
2876 4077
2877 7021
2878 1851
2879 5032
2880 1259
2881 6993
2882 3696
2883 8230
2884 5504
2885 9584
2886 2595
2887 6961
2888 8582
2889 7369
2890 6737
2891 1686
2892 96
2893 7332
2894 4079
2895 855
2896 8059
2897 5382
2898 1284
2899 5604
2900 2023
2901 2592
2902 9573
2903 6601
2904 8514
2905 7953
2906 5163
2907 8894
2908 8986
2909 2866
2910 3103
2911 1377
2912 1495
2913 1491
2914 4403
2915 9116
2916 4140
2917 6102
2918 5956
2919 2621
2920 9446
2921 7076
2922 2574
2923 94
2924 9096
2925 932
2926 486
2927 8772
2928 9794
2929 8616
2930 4219
2931 6200
2932 18
2933 5386
2934 7589
2935 9860
2936 5819
2937 5508
2938 291
2939 5173
2940 230
2941 1977
2942 7330
2943 193
2944 1471
2945 1187
2946 7411
2947 2361
2948 6365
2949 7457
2950 3760
2951 4938
2952 7852
2953 1897
2954 5899
2955 4250
2956 942
2957 4887
2958 8604
2959 5650
2960 4745
2961 5377
2962 6711
2963 8905
2964 1142
2965 8988
2966 3359
2967 576
2968 8253
2969 898
2970 5381
2971 2273
2972 6234
2973 7700
2974 9299
2975 3816
2976 1953
2977 6599
2978 3838
2979 3681
2980 3945
2981 4947
2982 9981
2983 1523
2984 1882
2985 7872
2986 9243
2987 9218
2988 2696
2989 5984
2990 1142
2991 5043
2992 2687
2993 6011
2994 4095
2995 5511
2996 5878
2997 3307
2998 6651
2999 1753
3000 2319
3001 5214
3002 891
3003 6894
3004 6646
3005 1103
3006 9903
3007 7593
3008 9377
3009 8297
3010 6242
3011 8536
3012 2352
3013 3319
3014 8992
3015 7373
3016 4502
3017 5183
3018 5591
3019 8729
3020 4677
3021 1489
3022 5857
3023 8619
3024 9912
3025 6469
3026 2303
3027 7869
3028 1786
3029 3877
3030 6386
3031 3629
3032 4320
3033 4663
3034 314
3035 9189
3036 6065
3037 4753
3038 2970
3039 9904
3040 3964
3041 1538
3042 8608
3043 4444
3044 3581
3045 6454
3046 2670
3047 2594
3048 7060
3049 5664
3050 4985
3051 8901
3052 6857
3053 2613
3054 3200
3055 5560
3056 7820
3057 9242
3058 1200
3059 5769
3060 5259
3061 32
3062 8675
3063 5190
3064 653
3065 2229
3066 588
3067 8170
3068 7333
3069 4455
3070 1524
3071 6764
3072 8714
3073 9008
3074 4812
3075 6149
3076 7853
3077 6575
3078 3468
3079 2438
3080 837
3081 3731
3082 9883
3083 3707
3084 6732
3085 3681
3086 5348
3087 4689
3088 464
3089 9466
3090 33
3091 5767
3092 8891
3093 5677
3094 5614
3095 6582
3096 4012
3097 6270
3098 1913
3099 3039
3100 1339
3101 6044
3102 2749
3103 7788
3104 8090
3105 5309
3106 2635
3107 1315
3108 7810
3109 5296
3110 4238
3111 6260
3112 4962
3113 7566
3114 117
3115 3777
3116 4572
3117 982
3118 3515
3119 1638
3120 2342
3121 3746
3122 3076
3123 5669
3124 5159
3125 647
3126 8057
3127 4073
3128 1523
3129 5116
3130 9860
3131 626
3132 5746
3133 7972
3134 6979
3135 7277
3136 4444
3137 2913
3138 7982
3139 2653
3140 557
3141 6774
3142 8358
3143 5515
3144 166
3145 1870
3146 3423
3147 9992
3148 3686
3149 4013
3150 5423
3151 7851
3152 8313
3153 4551
3154 1657
3155 2028
3156 8263
3157 670
3158 1657
3159 9203
3160 6452
3161 2042
3162 6831
3163 6626
3164 6874
3165 8389
3166 6268
3167 3605
3168 695
3169 9937
3170 3871
3171 1561
3172 6452
3173 8735
3174 4159
3175 3986
3176 858
3177 2430
3178 1645
3179 1512
3180 6894
3181 5408
3182 3035
3183 3075
3184 4938
3185 9258
3186 9624
3187 5042
3188 1352
3189 1757
3190 2023
3191 8226
3192 6012
3193 215
3194 2375
3195 5029
3196 997
3197 5525
3198 133
3199 3053
3200 8116
3201 7891
3202 8558
3203 9224
3204 8040
3205 1206
3206 9920
3207 4444
3208 126
3209 5620
3210 1085
3211 8280
3212 8815
3213 5773
3214 3310
3215 957
3216 598
3217 9131
3218 6083
3219 9000
3220 3128
3221 5034
3222 3544
3223 3496
3224 776
3225 6062
3226 3621
3227 7675
3228 9762
3229 8416
3230 1834
3231 3279
3232 4866
3233 9922
3234 1143
3235 8008
3236 9070
3237 1293
3238 7419
3239 4979
3240 1864
3241 3006
3242 9743
3243 2913
3244 3290
3245 4996
3246 611
3247 3554
3248 8649
3249 9155
3250 9457
3251 6591
3252 8391
3253 3055
3254 2184
3255 4312
3256 9681
3257 536
3258 2659
3259 2898
3260 4324
3261 5159
3262 4113
3263 6818
3264 6963
3265 4200
3266 7098
3267 6449
3268 3307
3269 5274
3270 1601
3271 7291
3272 4747
3273 9979
3274 4873
3275 3004
3276 818
3277 1806
3278 260
3279 5166
3280 457
3281 3121
3282 4673
3283 6211
3284 5176
3285 3073
3286 2847
3287 1380
3288 7041
3289 1686
3290 6092
3291 215
3292 9726
3293 8718
3294 8958
3295 2891
3296 4493
3297 9430
3298 9046
3299 5122
3300 9498
3301 9054
3302 7795
3303 7662
3304 1371
3305 7581
3306 3663
3307 5467
3308 6092
3309 8631
3310 6905
3311 1151
3312 8374
3313 5799
3314 3185
3315 8387
3316 6350
3317 1502
3318 9393
3319 4355
3320 1982
3321 4025
3322 4143
3323 7855
3324 459
3325 8853
3326 2858
3327 9204
3328 7510
3329 1046
3330 1429
3331 8890
3332 2091
3333 6734
3334 4636
3335 9991
3336 9536
3337 6514
3338 5507
3339 8417
3340 1150
3341 3918
3342 982
3343 5579
3344 3899
3345 3118
3346 3757
3347 3550
3348 1950
3349 3869
3350 224
3351 3575
3352 1530
3353 2219
3354 2371
3355 423
3356 1755
3357 9697
3358 8921
3359 4479
3360 6638
3361 2542
3362 1636
3363 4020
3364 6941
3365 577
3366 4632
3367 2937
3368 5330
3369 2797
3370 6577
3371 8909
3372 8733
3373 2612
3374 2097
3375 6863
3376 224
3377 5084
3378 6525
3379 7758
3380 2602
3381 9127
3382 3674
3383 3555
3384 1873
3385 1483
3386 2799
3387 1952
3388 8949
3389 8494
3390 4841
3391 4959
3392 8222
3393 5184
3394 1406
3395 785
3396 163
3397 2461
3398 516
3399 4358
3400 7070
3401 6144
3402 9436
3403 4895
3404 1080
3405 901
3406 1533
3407 8005
3408 537
3409 8805
3410 1946
3411 985
3412 5100
3413 8554
3414 1537
3415 5178
3416 9694
3417 6378
3418 4785
3419 955
3420 6185
3421 7988
3422 1352
3423 3003
3424 4120
3425 6829
3426 8844
3427 2172
3428 7636
3429 3651
3430 8582
3431 7279
3432 9480
3433 6387
3434 6490
3435 1708
3436 5996
3437 1738
3438 2969
3439 622
3440 1177
3441 7214
3442 2659
3443 3947
3444 5486
3445 3670
3446 5606
3447 9168
3448 4936
3449 1986
3450 378
3451 9854
3452 1613
3453 9179
3454 2568
3455 8323
3456 9331
3457 8804
3458 3380
3459 2990
3460 5005
3461 4208
3462 2564
3463 1972
3464 575
3465 2509
3466 1432
3467 3607
3468 3087
3469 1156
3470 9230
3471 170
3472 7589
3473 3677
3474 7245
3475 5923
3476 6141
3477 696
3478 8602
3479 9385
3480 5296
3481 2347
3482 3751
3483 3884
3484 8854
3485 6806
3486 1280
3487 1667
3488 6690
3489 4790
3490 6300
3491 2221
3492 6621
3493 8605
3494 7720
3495 1536
3496 6263
3497 8707
3498 9707
3499 5213
3500 1574
3501 9006
3502 2692
3503 3582
3504 4022
3505 3054
3506 5691
3507 7198
3508 8488
3509 2239
3510 5502
3511 4666
3512 1046
3513 2246
3514 4986
3515 3837
3516 7952
3517 8383
3518 5872
3519 3160
3520 4274
3521 8328
3522 6582
3523 7076
3524 7798
3525 305
3526 4376
3527 216
3528 33
3529 3066
3530 372
3531 4892
3532 8849
3533 7828
3534 4911
3535 3533
3536 1771
3537 1835
3538 4829
3539 9908
3540 1312
3541 1903
3542 6809
3543 6299
3544 3723
3545 9107
3546 6562
3547 6050
3548 924
3549 4235
3550 9363
3551 9292
3552 1647
3553 7633
3554 6826
3555 6844
3556 3608
3557 4812
3558 7012
3559 552
3560 70
3561 8336
3562 2189
3563 5663
3564 8346
3565 2961
3566 9156
3567 8055
3568 5792
3569 1765
3570 7225
3571 7333
3572 1493
3573 9103
3574 4856
3575 4859
3576 5061
3577 6881
3578 997
3579 2599
3580 866
3581 1517
3582 442
3583 7542
3584 5727
3585 5217
3586 3094
3587 5710
3588 4047
3589 28
3590 6533
3591 7567
3592 496
3593 7561
3594 9704
3595 3179
3596 1206
3597 9288
3598 1851
3599 9289
3600 2486
3601 5024
3602 1262
3603 4274
3604 3506
3605 7828
3606 8005
3607 440
3608 2648
3609 6933
3610 5249
3611 1637
3612 4814
3613 3636
3614 8349
3615 1768
3616 2254
3617 1614
3618 6471
3619 8796
3620 7816
3621 7025
3622 9599
3623 9672
3624 6598
3625 3454
3626 1963
3627 5273
3628 3556
3629 9248
3630 2410
3631 7377
3632 5290
3633 3335
3634 7135
3635 4215
3636 2106
3637 3550
3638 6571
3639 22
3640 5800
3641 6120
3642 4167
3643 2824
3644 6074
3645 8159
3646 3114
3647 370
3648 4306
3649 5257
3650 8295
3651 9145
3652 1320
3653 5036
3654 8473
3655 6881
3656 1752
3657 3953
3658 7700
3659 7660
3660 8403
3661 7539
3662 5456
3663 2849
3664 5642
3665 931
3666 322
3667 7864
3668 3033
3669 5187
3670 3366
3671 2829
3672 3875
3673 661
3674 4675
3675 9323
3676 723
3677 6933
3678 5648
3679 4862
3680 7937
3681 9146
3682 892
3683 2116
3684 6153
3685 3205
3686 3838
3687 5985
3688 4819
3689 6598
3690 3915
3691 735
3692 4828
3693 1248
3694 6128
3695 7722
3696 4215
3697 9846
3698 6964
3699 4194
3700 4463
3701 1154
3702 8831
3703 3181
3704 1817
3705 8339
3706 651
3707 6532
3708 6913
3709 2551
3710 8192
3711 3579
3712 1630
3713 6297
3714 6232
3715 8214
3716 7459
3717 9021
3718 784
3719 7615
3720 7385
3721 6674
3722 4908
3723 2205
3724 706
3725 7961
3726 8578
3727 641
3728 5689
3729 155
3730 667
3731 3611
3732 285
3733 5355
3734 590
3735 3170
3736 9463
3737 3799
3738 8684
3739 2709
3740 1998
3741 5894
3742 6874
3743 5890
3744 874
3745 8960
3746 667
3747 8349
3748 6087
3749 7825
3750 7328
3751 5481
3752 8107
3753 1282
3754 8180
3755 8560
3756 1964
3757 3556
3758 6260
3759 8371
3760 5750
3761 2654
3762 3426
3763 1094
3764 6623
3765 4487
3766 7016
3767 5125
3768 1402
3769 1521
3770 2497
3771 5875
3772 8521
3773 4424
3774 6134
3775 774
3776 6963
3777 2905
3778 6221
3779 5113
3780 5840
3781 9658
3782 3447
3783 715
3784 1372
3785 8816
3786 4761
3787 3445
3788 8981
3789 5329
3790 2647
3791 866
3792 4258
3793 4564
3794 790
3795 8259
3796 5947
3797 3993
3798 2938
3799 6698
3800 3356
3801 4398
3802 2939
3803 2727
3804 1521
3805 9169
3806 3491
3807 7360
3808 837
3809 2050
3810 4239
3811 4976
3812 7338
3813 9625
3814 7506
3815 7119
3816 4739
3817 4827
3818 8665
3819 7201
3820 1540
3821 9477
3822 7253
3823 5245
3824 9868
3825 5503
3826 8602
3827 998
3828 5326
3829 2337
3830 1561
3831 7615
3832 1017
3833 4627
3834 5772
3835 2257
3836 8218
3837 7878
3838 7757
3839 4483
3840 8315
3841 8350
3842 7020
3843 3625
3844 7970
3845 607
3846 851
3847 8695
3848 3432
3849 4938
3850 1625
3851 9424
3852 4389
3853 5446
3854 703
3855 7091
3856 4413
3857 4308
3858 722
3859 9256
3860 4846
3861 1981
3862 8784
3863 6194
3864 5720
3865 4506
3866 865
3867 4021
3868 1156
3869 6873
3870 3863
3871 9847
3872 6540
3873 2178
3874 8480
3875 9450
3876 2909
3877 1056
3878 460
3879 5534
3880 6407
3881 9690
3882 7324
3883 8073
3884 4743
3885 3901
3886 5286
3887 5089
3888 1417
3889 2008
3890 4618
3891 6370
3892 1301
3893 5983
3894 2383
3895 964
3896 5355
3897 2568
3898 8105
3899 9208
3900 8047
3901 7427
3902 9331
3903 3897
3904 3894
3905 7484
3906 7984
3907 8380
3908 1479
3909 4514
3910 1606
3911 1606
3912 1953
3913 3454
3914 9707
3915 7100
3916 7459
3917 6529
3918 1369
3919 4503
3920 4713
3921 7383
3922 8509
3923 9904
3924 6702
3925 8811
3926 5477
3927 2493
3928 4035
3929 9779
3930 7404
3931 463
3932 6586
3933 407
3934 5558
3935 6106
3936 9465
3937 65
3938 3491
3939 7848
3940 5897
3941 7507
3942 1527
3943 9325
3944 2730
3945 9348
3946 7262
3947 4232
3948 5657
3949 2315
3950 1570
3951 2465
3952 9236
3953 4441
3954 5155
3955 9127
3956 9718
3957 650
3958 3104
3959 3983
3960 4674
3961 1962
3962 2125
3963 7475
3964 2653
3965 5112
3966 8451
3967 9064
3968 4504
3969 8221
3970 5751
3971 8694
3972 2571
3973 86
3974 9124
3975 782
3976 7273
3977 2348
3978 667
3979 7608
3980 3805
3981 8448
3982 7
3983 4420
3984 5687
3985 5059
3986 2102
3987 3849
3988 3929
3989 295
3990 445
3991 5194
3992 9639
3993 2613
3994 4058
3995 5169
3996 2622
3997 1627
3998 1805
3999 6615
4000 5303
4001 5490
4002 2165
4003 9170
4004 7459
4005 9796
4006 727
4007 3698
4008 2143
4009 4168
4010 7343
4011 3357
4012 9813
4013 2484
4014 8708
4015 5
4016 5121
4017 6583
4018 4680
4019 4650
4020 3399
4021 2184
4022 4734
4023 627
4024 2806
4025 6070
4026 6233
4027 1240
4028 8248
4029 8793
4030 5688
4031 9248
4032 3762
4033 8464
4034 2846
4035 1910
4036 1434
4037 6478
4038 2546
4039 8371
4040 462
4041 9103
4042 8294
4043 6090
4044 3658
4045 2795
4046 4420
4047 3198
4048 5630
4049 1360
4050 6557
4051 104
4052 245
4053 6067
4054 209
4055 2729
4056 8437
4057 1811
4058 7250
4059 4300
4060 8168
4061 4127
4062 3205
4063 6991
4064 2764
4065 2870
4066 1023
4067 6846
4068 7981
4069 5037
4070 2458
4071 9332
4072 6354
4073 3987
4074 3081
4075 204
4076 7990
4077 3256
4078 101
4079 6952
4080 2430
4081 8182
4082 8584
4083 9062
4084 5378
4085 1719
4086 9745
4087 1294
4088 9658
4089 470
4090 5596
4091 8409
4092 6673
4093 7803
4094 6517
4095 7007
4096 3115
4097 4117
4098 8406
4099 6493
4100 5158
4101 7863
4102 7923
4103 3691
4104 1613
4105 4460
4106 5205
4107 4322
4108 9583
4109 8803
4110 3677
4111 2407
4112 109
4113 157
4114 1046
4115 2740
4116 8376
4117 991
4118 548
4119 6103
4120 7744
4121 6616
4122 2078
4123 8322
4124 6918
4125 3112
4126 2708
4127 1835
4128 5870
4129 8144
4130 538
4131 437
4132 5162
4133 1866
4134 7275
4135 4230
4136 2419
4137 131
4138 8517
4139 748
4140 5106
4141 2012
4142 6361
4143 5071
4144 3047
4145 9555
4146 4801
4147 1398
4148 6494
4149 5843
4150 4064
4151 5751
4152 1938
4153 4278
4154 92
4155 7567
4156 5877
4157 8202
4158 389
4159 9377
4160 9705
4161 571
4162 7110
4163 1617
4164 8308
4165 3249
4166 6700
4167 7134
4168 2599
4169 4801
4170 7978
4171 6399
4172 7519
4173 5537
4174 9191
4175 1656
4176 3516
4177 1965
4178 1771
4179 1235
4180 4243
4181 9583
4182 6226
4183 5766
4184 5034
4185 6784
4186 4889
4187 765
4188 6652
4189 6918
4190 8724
4191 1003
4192 3894
4193 3822
4194 9248
4195 7750
4196 9295
4197 5467
4198 8057
4199 2906
4200 9818
4201 9067
4202 1228
4203 12
4204 9305
4205 6217
4206 3101
4207 9970
4208 3462
4209 6576
4210 4372
4211 3702
4212 9513
4213 5344
4214 8263
4215 975
4216 1318
4217 9517
4218 6580
4219 4559
4220 2059
4221 1610
4222 4803
4223 6302
4224 4228
4225 7034
4226 9
4227 9578
4228 38
4229 8772
4230 1050
4231 326
4232 8992
4233 6141
4234 8622
4235 2443
4236 5611
4237 8853
4238 4982
4239 1910
4240 7636
4241 2122
4242 8214
4243 7768
4244 3684
4245 90
4246 2959
4247 6661
4248 7222
4249 1413
4250 7901
4251 9619
4252 7857
4253 6756
4254 981
4255 7517
4256 6800
4257 8347
4258 1299
4259 5354
4260 4497
4261 2522
4262 3634
4263 1320
4264 3018
4265 7553
4266 5219
4267 9328
4268 2529
4269 813
4270 4877
4271 4083
4272 3217
4273 6370
4274 3315
4275 4487
4276 5542
4277 1174
4278 358
4279 1956
4280 2107
4281 1932
4282 1458
4283 9683
4284 3762
4285 8474
4286 9860
4287 3724
4288 4845
4289 5218
4290 6823
4291 5321
4292 4976
4293 3517
4294 9449
4295 9466
4296 6814
4297 2934
4298 8510
4299 3547
4300 4345
4301 9307
4302 9097
4303 1489
4304 7423
4305 6893
4306 443
4307 918
4308 8481
4309 9008
4310 643
4311 8132
4312 2376
4313 8873
4314 9741
4315 2417
4316 7016
4317 9099
4318 8193
4319 3736
4320 4004
4321 1738
4322 7964
4323 3242
4324 393
4325 5725
4326 892
4327 4981
4328 3366
4329 8558
4330 5061
4331 4867
4332 6527
4333 9053
4334 3169
4335 4388
4336 614
4337 116
4338 6093
4339 461
4340 1236
4341 7573
4342 7999
4343 2217
4344 8288
4345 6770
4346 6710
4347 5857
4348 7689
4349 8774
4350 8198
4351 4132
4352 8041
4353 3316
4354 4378
4355 9675
4356 8082
4357 7689
4358 3883
4359 2888
4360 5367
4361 4898
4362 8894
4363 2812
4364 4763
4365 9938
4366 9292
4367 6597
4368 2290
4369 1042
4370 658
4371 99
4372 736
4373 2434
4374 2243
4375 3923
4376 3950
4377 8927
4378 669
4379 2219
4380 4927
4381 8421
4382 1079
4383 9562
4384 3098
4385 5902
4386 7392
4387 6453
4388 5349
4389 2564
4390 4611
4391 6087
4392 4948
4393 6117
4394 5482
4395 5114
4396 8290
4397 852
4398 5451
4399 2047
4400 515
4401 8953
4402 3365
4403 4957
4404 4065
4405 5663
4406 3515
4407 4794
4408 3191
4409 3048
4410 4888
4411 6811
4412 1737
4413 4243
4414 8521
4415 5414
4416 6970
4417 290
4418 3290
4419 5023
4420 2048
4421 5427
4422 6081
4423 4909
4424 3391
4425 3098
4426 8210
4427 1244
4428 1721
4429 9077
4430 4954
4431 9895
4432 901
4433 2308
4434 9220
4435 8675
4436 9426
4437 1287
4438 8536
4439 8243
4440 8450
4441 7649
4442 5875
4443 6597
4444 8829
4445 9624
4446 6214
4447 6616
4448 8201
4449 4195
4450 2873
4451 348
4452 6301
4453 5346
4454 9857
4455 3884
4456 9315
4457 9126
4458 6729
4459 521
4460 4530
4461 9385
4462 9554
4463 3027
4464 9999
4465 3939
4466 74
4467 9366
4468 4675
4469 7065
4470 6286
4471 7901
4472 6493
4473 2276
4474 5983
4475 6546
4476 2491
4477 308
4478 2373
4479 5449
4480 9663
4481 6134
4482 8546
4483 6757
4484 7845
4485 5598
4486 1700
4487 4071
4488 6562
4489 8248
4490 7936
4491 6380
4492 8458
4493 3958
4494 7021
4495 8176
4496 9506
4497 8873
4498 9554
4499 5537
4500 6317
4501 3932
4502 7854
4503 6477
4504 2815
4505 3833
4506 2523
4507 6229
4508 8297
4509 3812
4510 8535
4511 4522
4512 6312
4513 2596
4514 234
4515 4599
4516 5496
4517 6783
4518 5503
4519 923
4520 458
4521 8562
4522 5061
4523 4076
4524 4759
4525 5630
4526 5975
4527 4874
4528 3257
4529 2027
4530 8481
4531 5717
4532 8490
4533 2874
4534 5206
4535 7464
4536 4968
4537 3932
4538 8343
4539 5661
4540 4421
4541 160
4542 4005
4543 4095
4544 340
4545 7959
4546 4160
4547 8469
4548 6095
4549 3439
4550 8278
4551 679
4552 6284
4553 4809
4554 6712
4555 8451
4556 7681
4557 6872
4558 8911
4559 9045
4560 1596
4561 3039
4562 9022
4563 5843
4564 9384
4565 9894
4566 182
4567 1796
4568 3461
4569 9247
4570 8766
4571 8565
4572 8801
4573 9570
4574 3092
4575 191
4576 7156
4577 9483
4578 7935
4579 8104
4580 6678
4581 8350
4582 9240
4583 4367
4584 472
4585 662
4586 1606
4587 2246
4588 7284
4589 3717
4590 9630
4591 2885
4592 1007
4593 4790
4594 3488
4595 4667
4596 9409
4597 5229
4598 5803
4599 5445
4600 7261
4601 9119
4602 2688
4603 8522
4604 9609
4605 4410
4606 213
4607 9381
4608 7100
4609 4525
4610 505
4611 6433
4612 7849
4613 1482
4614 6847
4615 5165
4616 3576
4617 7194
4618 1785
4619 2171
4620 2032
4621 5798
4622 4847
4623 9194
4624 3434
4625 8305
4626 8012
4627 8729
4628 1845
4629 5754
4630 1424
4631 1916
4632 3322
4633 7732
4634 9138
4635 8402
4636 5652
4637 8916
4638 21
4639 3358
4640 242
4641 6816
4642 3197
4643 7877
4644 8215
4645 3363
4646 8514
4647 5125
4648 651
4649 5232
4650 6252
4651 412
4652 2587
4653 2154
4654 308
4655 2302
4656 2053
4657 8790
4658 3874
4659 5985
4660 9508
4661 5595
4662 815
4663 4282
4664 1298
4665 475
4666 587
4667 3103
4668 6930
4669 9296
4670 8473
4671 6660
4672 138
4673 6223
4674 696
4675 2620
4676 8665
4677 3173
4678 5054
4679 3893
4680 9079
4681 6173
4682 6593
4683 2057
4684 3870
4685 6740
4686 8074
4687 9834
4688 1841
4689 9368
4690 8196
4691 6883
4692 8468
4693 398
4694 4338
4695 820
4696 8328
4697 3255
4698 726
4699 1863
4700 1505
4701 2576
4702 3067
4703 7791
4704 5437
4705 9766
4706 1855
4707 1201
4708 8197
4709 7624
4710 1002
4711 445
4712 1120
4713 1929
4714 6249
4715 7097
4716 7626
4717 5455
4718 6467
4719 2049
4720 600
4721 7175
4722 4348
4723 650
4724 2767
4725 8198
4726 1203
4727 8522
4728 4779
4729 7635
4730 1421
4731 2216
4732 8278
4733 8275
4734 4364
4735 9088
4736 1693
4737 2989
4738 162
4739 3074
4740 4254
4741 3987
4742 9601
4743 6845
4744 4591
4745 6952
4746 3843
4747 6585
4748 9135
4749 1617
4750 364
4751 8247
4752 8703
4753 125
4754 2964
4755 5934
4756 6455
4757 7781
4758 9265
4759 7023
4760 1864
4761 7760
4762 7705
4763 4471
4764 8957
4765 7768
4766 6231
4767 6032
4768 2297
4769 1558
4770 3073
4771 4626
4772 1417
4773 5071
4774 8125
4775 4323
4776 8956
4777 4967
4778 4841
4779 6847
4780 6776
4781 2446
4782 7697
4783 2226
4784 7383
4785 3018
4786 2135
4787 5119
4788 139
4789 5874
4790 370
4791 1373
4792 3187
4793 3538
4794 8362
4795 1519
4796 5607
4797 588
4798 7956
4799 7274
4800 4175
4801 5903
4802 3078
4803 2765
4804 8700
4805 848
4806 5040
4807 5090
4808 8473
4809 6591
4810 4882
4811 8946
4812 2012
4813 2837
4814 6584
4815 8768
4816 3140
4817 9062
4818 4931
4819 5619
4820 6964
4821 2731
4822 5887
4823 475
4824 4462
4825 2221
4826 2519
4827 5610
4828 5799
4829 266
4830 4990
4831 9073
4832 9046
4833 1350
4834 1759
4835 2649
4836 6013
4837 6788
4838 4943
4839 8037
4840 8937
4841 2551
4842 6712
4843 5489
4844 8821
4845 2144
4846 5051
4847 3235
4848 5375
4849 4937
4850 9962
4851 8534
4852 6629
4853 9921
4854 7014
4855 9588
4856 5102
4857 475
4858 2278
4859 2549
4860 1686
4861 5591
4862 1070
4863 3994
4864 6982
4865 4639
4866 744
4867 7457
4868 5961
4869 8373
4870 6226
4871 258
4872 6031
4873 1497
4874 8400
4875 6330
4876 1053
4877 7886
4878 3165
4879 6977
4880 4989
4881 5909
4882 1864
4883 8934
4884 3929
4885 9127
4886 9239
4887 7530
4888 9640
4889 9244
4890 3330
4891 3263
4892 3754
4893 4035
4894 4151
4895 729
4896 6314
4897 456
4898 6576
4899 1391
4900 1603
4901 8399
4902 9517
4903 3184
4904 1571
4905 127
4906 3554
4907 9491
4908 4751
4909 6006
4910 2825
4911 4348
4912 9103
4913 747
4914 3382
4915 7814
4916 2985
4917 6797
4918 7414
4919 9090
4920 5855
4921 6638
4922 1999
4923 8403
4924 6062
4925 6094
4926 9108
4927 5043
4928 2612
4929 8534
4930 6233
4931 4095
4932 9263
4933 6634
4934 1110
4935 3165
4936 1520
4937 9669
4938 5449
4939 9781
4940 4694
4941 9489
4942 721
4943 4057
4944 1104
4945 7374
4946 2993
4947 9980
4948 3439
4949 7601
4950 7037
4951 2443
4952 5053
4953 8243
4954 4477
4955 6123
4956 5102
4957 5283
4958 6816
4959 4935
4960 511
4961 5381
4962 7714
4963 6493
4964 8590
4965 5213
4966 4349
4967 5098
4968 4073
4969 3812
4970 5310
4971 8046
4972 1515
4973 7973
4974 3352
4975 6308
4976 6007
4977 9496
4978 4793
4979 8901
4980 1936
4981 2568
4982 27
4983 2995
4984 7498
4985 998
4986 8394
4987 6299
4988 3245
4989 1491
4990 880
4991 3393
4992 1997
4993 4386
4994 4283
4995 9782
4996 6456
4997 9307
4998 3579
4999 5985
5000 7051
5001 2404
5002 8864
5003 8962
5004 500
5005 1151
5006 1625
5007 4313
5008 9506
5009 2581
5010 903
5011 2930
5012 4113
5013 9822
5014 1568
5015 6982
5016 9425
5017 440
5018 1325
5019 7413
5020 1976
5021 1001
5022 9115
5023 9146
5024 7410
5025 8661
5026 5183
5027 1924
5028 577
5029 6086
5030 5733
5031 5197
5032 5579
5033 5471
5034 7002
5035 4846
5036 7318
5037 6209
5038 6801
5039 649
5040 3000
5041 6868
5042 4870
5043 3375
5044 1476
5045 4459
5046 9266
5047 9151
5048 7545
5049 8730
5050 681
5051 918
5052 749
5053 1567
5054 4985
5055 2492
5056 5850
5057 8100
5058 1361
5059 3355
5060 9040
5061 9192
5062 8428
5063 2707
5064 8613
5065 5331
5066 3010
5067 8055
5068 9828
5069 9496
5070 5484
5071 9029
5072 6795
5073 7855
5074 2551
5075 6947
5076 3460
5077 4063
5078 5861
5079 5109
5080 3897
5081 6048
5082 4243
5083 177
5084 840
5085 6829
5086 9956
5087 9605
5088 2200
5089 3169
5090 1046
5091 6921
5092 1948
5093 4935
5094 5288
5095 950
5096 9489
5097 8999
5098 7368
5099 3983
5100 5805
5101 4941
5102 4757
5103 9680
5104 3696
5105 9251
5106 322
5107 8119
5108 7940
5109 7700
5110 3656
5111 2935
5112 9312
5113 8901
5114 3915
5115 4858
5116 8029
5117 9543
5118 4223
5119 3114
5120 5230
5121 1298
5122 8640
5123 6784
5124 3814
5125 3540
5126 4459
5127 2242
5128 8725
5129 2111
5130 1185
5131 9105
5132 8080
5133 4866
5134 9966
5135 4363
5136 749
5137 2798
5138 1656
5139 3565
5140 5574
5141 4846
5142 4871
5143 2411
5144 8214
5145 2964
5146 6965
5147 7761
5148 1708
5149 2676
5150 9457
5151 4558
5152 1387
5153 6916
5154 880
5155 2435
5156 7513
5157 1418
5158 43
5159 87
5160 4907
5161 9208
5162 5328
5163 9090
5164 8626
5165 6428
5166 7740
5167 1542
5168 3156
5169 6123
5170 9452
5171 8476
5172 5465
5173 2104
5174 3710
5175 3413
5176 7353
5177 7329
5178 2553
5179 2900
5180 5138
5181 1271
5182 6046
5183 6109
5184 1160
5185 6201
5186 9200
5187 6441
5188 5237
5189 4347
5190 2900
5191 725
5192 3107
5193 8483
5194 7829
5195 4549
5196 8925
5197 1766
5198 2066
5199 6740
5200 1587
5201 9472
5202 2512
5203 5869
5204 4309
5205 8392
5206 2189
5207 1356
5208 868
5209 637
5210 6198
5211 9174
5212 5559
5213 7876
5214 1226
5215 880
5216 2890
5217 8159
5218 9580
5219 5363
5220 4976
5221 6122
5222 6674
5223 6722
5224 8990
5225 1647
5226 1932
5227 3695
5228 2618
5229 1159
5230 3645
5231 4056
5232 5839
5233 1652
5234 9813
5235 9756
5236 7506
5237 8824
5238 7775
5239 681
5240 9285
5241 9679
5242 5091
5243 4311
5244 2089
5245 4160
5246 2988
5247 8470
5248 651
5249 7174
5250 9726
5251 6722
5252 8138
5253 1800
5254 6334
5255 6919
5256 8030
5257 9396
5258 1873
5259 4639
5260 7535
5261 9063
5262 2824
5263 7317
5264 3835
5265 1258
5266 4267
5267 3252
5268 7032
5269 9520
5270 7538
5271 1119
5272 295
5273 4374
5274 6331
5275 6405
5276 7474
5277 5255
5278 7065
5279 6484
5280 4210
5281 3375
5282 1800
5283 3035
5284 123
5285 8474
5286 2132
5287 4269
5288 3106
5289 440
5290 4534
5291 2189
5292 1412
5293 4156
5294 75
5295 7073
5296 6531
5297 2968
5298 8931
5299 8249
5300 2779
5301 3943
5302 3720
5303 3824
5304 654
5305 6322
5306 2945
5307 4370
5308 9545
5309 1945
5310 9851
5311 8119
5312 5507
5313 9441
5314 9399
5315 8778
5316 9454
5317 9271
5318 3406
5319 8460
5320 5554
5321 9866
5322 6744
5323 3242
5324 759
5325 4025
5326 1796
5327 6305
5328 4242
5329 9250
5330 4653
5331 7075
5332 7547
5333 6515
5334 4669
5335 3890
5336 221
5337 1249
5338 8186
5339 9471
5340 5076
5341 1471
5342 5863
5343 4896
5344 1516
5345 6715
5346 5206
5347 5426
5348 2484
5349 4272
5350 6102
5351 8340
5352 8284
5353 800
5354 6139
5355 9584
5356 6214
5357 7579
5358 1946
5359 636
5360 1738
5361 2073
5362 2877
5363 6629
5364 2286
5365 7077
5366 6984
5367 8260
5368 1710
5369 4415
5370 5728
5371 5735
5372 9793
5373 2737
5374 6494
5375 6325
5376 7376
5377 9435
5378 4146
5379 8911
5380 5961
5381 1629
5382 187
5383 5714
5384 6735
5385 5165
5386 3533
5387 4870
5388 1894
5389 7346
5390 6294
5391 4229
5392 3194
5393 1804
5394 9280
5395 5465
5396 9260
5397 3988
5398 6204
5399 6326
5400 7154
5401 6735
5402 3544
5403 6625
5404 1453
5405 7340
5406 8666
5407 1523
5408 9733
5409 3345
5410 175
5411 5663
5412 8081
5413 5207
5414 9625
5415 3680
5416 9481
5417 3863
5418 6788
5419 7545
5420 5705
5421 3918
5422 7388
5423 6568
5424 8840
5425 1625
5426 4044
5427 973
5428 791
5429 3181
5430 6291
5431 2747
5432 1344
5433 7851
5434 3525
5435 3958
5436 1166
5437 5227
5438 7883
5439 6614
5440 8163
5441 5892
5442 9686
5443 453
5444 8703
5445 5531
5446 3458
5447 8606
5448 2856
5449 7482
5450 8754
5451 9921
5452 7257
5453 1146
5454 7156
5455 5141
5456 198
5457 6944
5458 7480
5459 2307
5460 7757
5461 5953
5462 6466
5463 739
5464 8725
5465 5005
5466 4058
5467 7166
5468 7479
5469 592
5470 3910
5471 7882
5472 5111
5473 6301
5474 4146
5475 9208
5476 6028
5477 6190
5478 2430
5479 8792
5480 8699
5481 9877
5482 4689
5483 7499
5484 6155
5485 7716
5486 4735
5487 2533
5488 9338
5489 7866
5490 1712
5491 3697
5492 6756
5493 1527
5494 9812
5495 2165
5496 8771
5497 1515
5498 6786
5499 6017
5500 2589
5501 4305
5502 6073
5503 6315
5504 5547
5505 8913
5506 4209
5507 3835
5508 7238
5509 5957
5510 7682
5511 5549
5512 5344
5513 3091
5514 2000
5515 9663
5516 9927
5517 2639
5518 1936
5519 7749
5520 5923
5521 8905
5522 4980
5523 1995
5524 7827
5525 6259
5526 5620
5527 5550
5528 9769
5529 9142
5530 4221
5531 6256
5532 5372
5533 9282
5534 1545
5535 4261
5536 1206
5537 2097
5538 2936
5539 4525
5540 4686
5541 3401
5542 7945
5543 307
5544 891
5545 2614
5546 4961
5547 8346
5548 7331
5549 6223
5550 5204
5551 4517
5552 6048
5553 4227
5554 4174
5555 3583
5556 6514
5557 7544
5558 5931
5559 7663
5560 9443
5561 6273
5562 3983
5563 972
5564 6318
5565 8238
5566 5559
5567 6628
5568 9737
5569 3205
5570 5027
5571 7071
5572 8505
5573 2096
5574 6632
5575 8973
5576 656
5577 790
5578 1620
5579 9284
5580 1951
5581 1708
5582 9625
5583 2360
5584 1334
5585 1310
5586 9024
5587 8116
5588 719
5589 1071
5590 2023
5591 4511
5592 8739
5593 9962
5594 718
5595 3753
5596 6757
5597 4797
5598 1468
5599 2288
5600 8021
5601 5184
5602 4531
5603 3849
5604 5165
5605 3738
5606 5583
5607 508
5608 5788
5609 485
5610 5172
5611 7733
5612 8894
5613 5460
5614 297
5615 2143
5616 1606
5617 9673
5618 7205
5619 8405
5620 1855
5621 3985
5622 1479
5623 9465
5624 9029
5625 6260
5626 2349
5627 1226
5628 9961
5629 5903
5630 1525
5631 9356
5632 9869
5633 1563
5634 8018
5635 9359
5636 9359
5637 3562
5638 7596
5639 5073
5640 7280
5641 5033
5642 8809
5643 2620
5644 1701
5645 1530
5646 588
5647 4972
5648 2981
5649 7536
5650 446
5651 3736
5652 270
5653 7231
5654 6878
5655 9696
5656 8450
5657 3687
5658 2132
5659 8744
5660 6117
5661 8438
5662 4547
5663 9219
5664 750
5665 8991
5666 5818
5667 4121
5668 432
5669 4380
5670 4240
5671 5819
5672 1762
5673 4321
5674 3092
5675 4799
5676 9211
5677 5170
5678 5191
5679 9328
5680 5138
5681 9755
5682 3602
5683 2008
5684 473
5685 8349
5686 5666
5687 8782
5688 4661
5689 532
5690 9063
5691 6603
5692 1160
5693 5387
5694 6199
5695 2236
5696 1623
5697 6354
5698 2377
5699 1573
5700 554
5701 3179
5702 3958
5703 3077
5704 6909
5705 7910
5706 7717
5707 6895
5708 2903
5709 2263
5710 1615
5711 1089
5712 8897
5713 8720
5714 9381
5715 7798
5716 4233
5717 2777
5718 8654
5719 7090
5720 9733
5721 7589
5722 4309
5723 7937
5724 9201
5725 2312
5726 8107
5727 8640
5728 1315
5729 2300
5730 6632
5731 1081
5732 2460
5733 6602
5734 8484
5735 8940
5736 5151
5737 2047
5738 7705
5739 9916
5740 7444
5741 6469
5742 2619
5743 4292
5744 5287
5745 4808
5746 6741
5747 5528
5748 7021
5749 1564
5750 8525
5751 9494
5752 4973
5753 5240
5754 7463
5755 3813
5756 3573
5757 7877
5758 2667
5759 3398
5760 8257
5761 1293
5762 7889
5763 5380
5764 7299
5765 4558
5766 6875
5767 1908
5768 784
5769 1801
5770 6615
5771 2083
5772 8607
5773 4389
5774 7998
5775 4335
5776 266
5777 2276
5778 400
5779 6568
5780 1248
5781 391
5782 3330
5783 2779
5784 5830
5785 8150
5786 6079
5787 1668
5788 6021
5789 8768
5790 7773
5791 8978
5792 1300
5793 5995
5794 2292
5795 8401
5796 7311
5797 8280
5798 2606
5799 4854
5800 6300
5801 867
5802 8013
5803 1038
5804 1873
5805 148
5806 1149
5807 5279
5808 3029
5809 3250
5810 464
5811 7788
5812 885
5813 142
5814 2207
5815 4260
5816 3476
5817 546
5818 1871
5819 7854
5820 593
5821 4871
5822 3182
5823 4242
5824 1352
5825 6628
5826 540
5827 9193
5828 3386
5829 4641
5830 9415
5831 8000
5832 6805
5833 7473
5834 5514
5835 8747
5836 2481
5837 6128
5838 5829
5839 5040
5840 8890
5841 6121
5842 9495
5843 1840
5844 1596
5845 9394
5846 5275
5847 7866
5848 342
5849 3027
5850 9156
5851 3528
5852 2312
5853 3359
5854 4078
5855 6564
5856 3414
5857 8707
5858 7809
5859 6411
5860 7966
5861 7503
5862 4513
5863 5910
5864 1844
5865 4747
5866 4319
5867 1131
5868 9572
5869 74
5870 1059
5871 6498
5872 5871
5873 9992
5874 6006
5875 3597
5876 7505
5877 881
5878 9793
5879 8467
5880 7263
5881 2283
5882 1167
5883 9429
5884 5928
5885 2601
5886 4543
5887 9395
5888 5096
5889 9302
5890 913
5891 1392
5892 2419
5893 4567
5894 4298
5895 3941
5896 681
5897 215
5898 3231
5899 5236
5900 2427
5901 2920
5902 4569
5903 1092
5904 5748
5905 9753
5906 6031
5907 3813
5908 6247
5909 5917
5910 4911
5911 885
5912 3122
5913 7543
5914 250
5915 796
5916 4176
5917 5931
5918 8673
5919 7742
5920 6895
5921 2606
5922 7925
5923 1030
5924 8942
5925 280
5926 6262
5927 4942
5928 4913
5929 5004
5930 2642
5931 9465
5932 9883
5933 6955
5934 5795
5935 9074
5936 4044
5937 1407
5938 7077
5939 7426
5940 496
5941 8483
5942 4993
5943 9848
5944 8414
5945 7687
5946 358
5947 3966
5948 5849
5949 7120
5950 1030
5951 6940
5952 8543
5953 8873
5954 5319
5955 9551
5956 6382
5957 1320
5958 2132
5959 2564
5960 2222
5961 5572
5962 2236
5963 1337
5964 8005
5965 2766
5966 464
5967 431
5968 164
5969 17
5970 5632
5971 2926
5972 1601
5973 1203
5974 8239
5975 736
5976 8367
5977 1603
5978 9473
5979 6020
5980 7426
5981 6713
5982 7303
5983 4521
5984 3634
5985 3027
5986 1018
5987 2309
5988 4843
5989 222
5990 75
5991 9886
5992 5015
5993 7288
5994 1274
5995 8215
5996 889
5997 3064
5998 3610
5999 7262
6000 114
6001 6381
6002 3741
6003 3847
6004 3688
6005 9759
6006 1047
6007 4999
6008 8310
6009 3597
6010 7658
6011 2418
6012 9471
6013 4876
6014 3723
6015 5001
6016 5959
6017 7932
6018 1237
6019 2021
6020 8509
6021 9464
6022 5167
6023 6183
6024 3779
6025 3870
6026 1169
6027 3322
6028 4014
6029 7623
6030 8813
6031 8978
6032 9698
6033 1625
6034 9522
6035 7824
6036 5950
6037 4470
6038 253
6039 2055
6040 3422
6041 7470
6042 4702
6043 7384
6044 8341
6045 9783
6046 926
6047 2288
6048 9794
6049 1017
6050 9056
6051 2162
6052 979
6053 3110
6054 2405
6055 7095
6056 4152
6057 6468
6058 8434
6059 5002
6060 8683
6061 9539
6062 3638
6063 6921
6064 8813
6065 7697
6066 8902
6067 5
6068 818
6069 3541
6070 4713
6071 1983
6072 5273
6073 1115
6074 5297
6075 2389
6076 583
6077 3538
6078 8845
6079 8122
6080 2013
6081 7868
6082 1222
6083 8523
6084 4265
6085 8270
6086 3296
6087 7992
6088 6103
6089 3434
6090 7976
6091 8962
6092 8829
6093 5944
6094 1252
6095 4270
6096 4944
6097 3154
6098 9953
6099 8848
6100 106
6101 9458
6102 1699
6103 2352
6104 4807
6105 3767
6106 4289
6107 861
6108 4845
6109 7497
6110 3256
6111 4639
6112 9071
6113 7813
6114 3393
6115 3789
6116 2599
6117 8600
6118 3013
6119 700
6120 8306
6121 5278
6122 8154
6123 4444
6124 8131
6125 9830
6126 4394
6127 4233
6128 2818
6129 2595
6130 9051
6131 435
6132 5171
6133 6990
6134 3288
6135 7164
6136 7819
6137 332
6138 185
6139 4118
6140 8241
6141 6648
6142 6500
6143 6058
6144 9316
6145 9920
6146 4954
6147 6229
6148 5693
6149 3568
6150 2325
6151 9589
6152 8196
6153 7934
6154 6451
6155 6021
6156 3505
6157 4151
6158 1047
6159 9817
6160 6334
6161 1946
6162 8708
6163 6886
6164 9033
6165 9204
6166 5891
6167 241
6168 3073
6169 5442
6170 7409
6171 2789
6172 4552
6173 5502
6174 6847
6175 6591
6176 461
6177 6208
6178 5718
6179 4555
6180 8224
6181 6707
6182 3920
6183 3221
6184 2326
6185 5378
6186 6379
6187 4916
6188 8530
6189 8492
6190 3941
6191 9000
6192 5761
6193 5533
6194 5934
6195 4027
6196 9379
6197 9509
6198 2586
6199 9448
6200 9805
6201 3563
6202 2409
6203 8497
6204 2138
6205 8933
6206 1780
6207 2898
6208 4199
6209 9916
6210 1487
6211 3072
6212 7281
6213 15
6214 7594
6215 2768
6216 4300
6217 9074
6218 6944
6219 1734
6220 7914
6221 9958
6222 1124
6223 75
6224 8233
6225 3723
6226 5425
6227 9506
6228 6850
6229 8606
6230 4799
6231 3953
6232 4836
6233 6648
6234 2193
6235 8781
6236 7064
6237 7009
6238 411
6239 2245
6240 7896
6241 3388
6242 521
6243 5016
6244 6907
6245 1706
6246 4755
6247 8527
6248 6241
6249 6544
6250 4555
6251 8964
6252 1344
6253 6077
6254 1244
6255 3995
6256 7591
6257 72
6258 50
6259 5635
6260 5611
6261 7658
6262 6043
6263 608
6264 6288
6265 1056
6266 4435
6267 9876
6268 9926
6269 2096
6270 9624
6271 5562
6272 5816
6273 7714
6274 1521
6275 4926
6276 8126
6277 1072
6278 700
6279 4287
6280 1647
6281 6624
6282 6897
6283 2985
6284 4326
6285 307
6286 168
6287 5229
6288 6875
6289 5167
6290 5458
6291 2763
6292 6794
6293 8675
6294 6717
6295 7050
6296 1224
6297 2615
6298 3975
6299 9825
6300 6153
6301 4655
6302 2183
6303 2177
6304 9653
6305 1080
6306 6834
6307 9805
6308 906
6309 329
6310 6687
6311 2298
6312 9034
6313 5659
6314 8597
6315 8582
6316 5357
6317 8624
6318 1781
6319 7089
6320 7169
6321 7529
6322 6329
6323 9097
6324 3234
6325 3942
6326 5976
6327 615
6328 6302
6329 8305
6330 9020
6331 8658
6332 5147
6333 1747
6334 8773
6335 7522
6336 2721
6337 7793
6338 1428
6339 9525
6340 7824
6341 4281
6342 6657
6343 5407
6344 590
6345 5301
6346 3830
6347 4388
6348 3038
6349 2796
6350 9465
6351 8661
6352 5053
6353 7339
6354 5006
6355 9215
6356 2852
6357 7134
6358 2049
6359 4627
6360 7433
6361 388
6362 7044
6363 6889
6364 173
6365 199
6366 1334
6367 7589
6368 6659
6369 3979
6370 9596
6371 777
6372 2453
6373 6252
6374 4032
6375 3780
6376 9206
6377 5502
6378 9889
6379 1903
6380 7940
6381 3565
6382 1503
6383 4839
6384 2910
6385 6694
6386 7849
6387 7727
6388 2000
6389 7123
6390 1514
6391 3084
6392 1259
6393 6696
6394 6467
6395 5421
6396 3897
6397 3432
6398 8655
6399 5238
6400 2533
6401 5974
6402 7953
6403 3103
6404 812
6405 1187
6406 1524
6407 3983
6408 7388
6409 9570
6410 2031
6411 9052
6412 8456
6413 7639
6414 2672
6415 3166
6416 7177
6417 2690
6418 1098
6419 3686
6420 4888
6421 9258
6422 5362
6423 9728
6424 3454
6425 8247
6426 4898
6427 6160
6428 978
6429 721
6430 9287
6431 1624
6432 6011
6433 4523
6434 7829
6435 2437
6436 2219
6437 9258
6438 3207
6439 2397
6440 3848
6441 8021
6442 7776
6443 256
6444 2961
6445 591
6446 3637
6447 6901
6448 6786
6449 6397
6450 5707
6451 6076
6452 8082
6453 6993
6454 5468
6455 4766
6456 4166
6457 1710
6458 2833
6459 9898
6460 6894
6461 8885
6462 2701
6463 8593
6464 7014
6465 3615
6466 8441
6467 3982
6468 2579
6469 4330
6470 3369
6471 790
6472 339
6473 9984
6474 9907
6475 7107
6476 9794
6477 6694
6478 1614
6479 9075
6480 7445
6481 2271
6482 9850
6483 769
6484 9316
6485 1739
6486 6235
6487 4495
6488 5408
6489 2044
6490 3252
6491 3330
6492 902
6493 374
6494 6969
6495 5017
6496 4873
6497 6373
6498 7760
6499 3269
6500 3754
6501 5488
6502 7543
6503 7360
6504 4404
6505 3112
6506 4754
6507 7208
6508 1732
6509 6811
6510 741
6511 8623
6512 9770
6513 194
6514 2953
6515 4016
6516 7297
6517 7058
6518 2760
6519 153
6520 3472
6521 7085
6522 9043
6523 2913
6524 7214
6525 8254
6526 8953
6527 2832
6528 4901
6529 1369
6530 663
6531 4858
6532 6235
6533 2327
6534 3457
6535 2537
6536 4930
6537 5350
6538 2676
6539 1032
6540 2651
6541 2712
6542 4983
6543 4637
6544 2563
6545 946
6546 2902
6547 4213
6548 8795
6549 6268
6550 7629
6551 6817
6552 8368
6553 1046
6554 7725
6555 8310
6556 6774
6557 3397
6558 8972
6559 2549
6560 1911
6561 8966
6562 7092
6563 4744
6564 2443
6565 6977
6566 2185
6567 4752
6568 613
6569 9590
6570 1215
6571 5541
6572 87
6573 5414
6574 9698
6575 8235
6576 4560
6577 6650
6578 6423
6579 2474
6580 6890
6581 933
6582 8326
6583 3792
6584 5807
6585 8202
6586 3150
6587 5688
6588 9435
6589 782
6590 6688
6591 2679
6592 138
6593 2855
6594 3072
6595 2096
6596 9706
6597 2832
6598 241
6599 5413
6600 6527
6601 1787
6602 9838
6603 3125
6604 5510
6605 8614
6606 9521
6607 737
6608 3297
6609 503
6610 469
6611 3556
6612 2435
6613 4190
6614 1382
6615 4903
6616 6400
6617 2991
6618 5444
6619 5796
6620 8101
6621 4224
6622 3025
6623 8840
6624 430
6625 8200
6626 881
6627 4623
6628 834
6629 8322
6630 5524
6631 7509
6632 3173
6633 809
6634 542
6635 6252
6636 8499
6637 3329
6638 1938
6639 1467
6640 2572
6641 6580
6642 8672
6643 7775
6644 4357
6645 1765
6646 866
6647 1533
6648 6847
6649 8435
6650 6543
6651 2428
6652 9153
6653 153
6654 1487
6655 3567
6656 4132
6657 6326
6658 4374
6659 9307
6660 2021
6661 6673
6662 1273
6663 8841
6664 6188
6665 3053
6666 9030
6667 3151
6668 1690
6669 9193
6670 1817
6671 3449
6672 466
6673 9221
6674 991
6675 1271
6676 4120
6677 7480
6678 920
6679 8407
6680 8662
6681 2457
6682 5094
6683 9262
6684 2025
6685 5335
6686 5222
6687 7651
6688 4102
6689 1864
6690 8509
6691 3127
6692 9425
6693 9850
6694 2214
6695 3965
6696 7149
6697 8271
6698 8456
6699 577
6700 7955
6701 2959
6702 1424
6703 3910
6704 7369
6705 6854
6706 6982
6707 4098
6708 6160
6709 7505
6710 8909
6711 5309
6712 9928
6713 8475
6714 2179
6715 3795
6716 7550
6717 3641
6718 8227
6719 5584
6720 2413
6721 1525
6722 4613
6723 5572
6724 2069
6725 9994
6726 5518
6727 2256
6728 7057
6729 6611
6730 2233
6731 123
6732 7966
6733 5605
6734 4081
6735 6138
6736 6807
6737 804
6738 2195
6739 7706
6740 7376
6741 7913
6742 9618
6743 174
6744 125
6745 6203
6746 480
6747 7862
6748 9620
6749 9234
6750 4525
6751 8977
6752 8742
6753 2157
6754 1035
6755 2468
6756 6336
6757 4656
6758 1137
6759 3155
6760 7026
6761 817
6762 1614
6763 7652
6764 4868
6765 2682
6766 6220
6767 6397
6768 7085
6769 2748
6770 7663
6771 8767
6772 997
6773 8166
6774 9324
6775 6425
6776 448
6777 3007
6778 4338
6779 9351
6780 2073
6781 9690
6782 9471
6783 4065
6784 9389
6785 4878
6786 1242
6787 8960
6788 9775
6789 7535
6790 7501
6791 3995
6792 5894
6793 9488
6794 4908
6795 6529
6796 204
6797 6052
6798 3614
6799 8890
6800 3624
6801 5620
6802 9531
6803 3652
6804 3010
6805 8901
6806 8498
6807 7947
6808 8728
6809 3886
6810 6891
6811 1062
6812 5347
6813 4681
6814 4505
6815 3455
6816 878
6817 9900
6818 5157
6819 5419
6820 5448
6821 7886
6822 8775
6823 6245
6824 3777
6825 6190
6826 233
6827 6433
6828 2272
6829 2540
6830 825
6831 6357
6832 3294
6833 1688
6834 2879
6835 1793
6836 4313
6837 1234
6838 3108
6839 3671
6840 6306
6841 7063
6842 3079
6843 9917
6844 463
6845 2774
6846 4237
6847 7033
6848 4913
6849 1763
6850 3884
6851 218
6852 3204
6853 3969
6854 4732
6855 6237
6856 4275
6857 1672
6858 5908
6859 2821
6860 6607
6861 7053
6862 8225
6863 4160
6864 173
6865 5729
6866 4896
6867 7458
6868 5479
6869 7314
6870 6864
6871 3645
6872 5751
6873 133
6874 8797
6875 3611
6876 618
6877 3928
6878 4760
6879 3288
6880 3991
6881 7222
6882 6498
6883 7696
6884 3163
6885 7188
6886 836
6887 6961
6888 5372
6889 8641
6890 2247
6891 2104
6892 1159
6893 624
6894 9743
6895 3995
6896 2090
6897 3036
6898 216
6899 9252
6900 7512
6901 813
6902 3
6903 7201
6904 4778
6905 174
6906 1261
6907 3048
6908 2871
6909 3068
6910 8147
6911 2664
6912 1253
6913 2308
6914 9157
6915 2888
6916 4991
6917 2155
6918 1210
6919 5175
6920 3463
6921 9954
6922 4235
6923 6952
6924 5402
6925 1881
6926 4728
6927 9558
6928 9928
6929 1992
6930 2148
6931 7203
6932 3648
6933 4218
6934 2217
6935 5810
6936 3129
6937 5551
6938 4718
6939 7450
6940 468
6941 3467
6942 8447
6943 2126
6944 8713
6945 9081
6946 2407
6947 8947
6948 5405
6949 8851
6950 3244
6951 9463
6952 9488
6953 7438
6954 4653
6955 1916
6956 2620
6957 1783
6958 2871
6959 5349
6960 3992
6961 6951
6962 5512
6963 4540
6964 1105
6965 769
6966 2849
6967 7488
6968 1326
6969 8823
6970 1851
6971 9688
6972 9817
6973 9790
6974 769
6975 6634
6976 1790
6977 3510
6978 5254
6979 3077
6980 9100
6981 9127
6982 3600
6983 9456
6984 2863
6985 7064
6986 3434
6987 5164
6988 5150
6989 7115
6990 3394
6991 7812
6992 5611
6993 3573
6994 7584
6995 4979
6996 8838
6997 8270
6998 8762
6999 13
7000 7284
7001 737
7002 5208
7003 1709
7004 4251
7005 1324
7006 6269
7007 5182
7008 7053
7009 7841
7010 5950
7011 3087
7012 7787
7013 9497
7014 173
7015 3983
7016 3690
7017 4878
7018 8641
7019 2278
7020 4394
7021 7007
7022 5157
7023 9529
7024 6559
7025 3420
7026 2797
7027 6903
7028 9097
7029 209
7030 8172
7031 4859
7032 4825
7033 7908
7034 5980
7035 292
7036 4031
7037 9297
7038 2047
7039 1883
7040 6113
7041 674
7042 1002
7043 3384
7044 9564
7045 2046
7046 3817
7047 8148
7048 2594
7049 6323
7050 8735
7051 1371
7052 6329
7053 9311
7054 6323
7055 6166
7056 8372
7057 9308
7058 3351
7059 9689
7060 7190
7061 2680
7062 2256
7063 1389
7064 5071
7065 7463
7066 7543
7067 3804
7068 8083
7069 8489
7070 3863
7071 5167
7072 8831
7073 1741
7074 9989
7075 3847
7076 2221
7077 8860
7078 5280
7079 1404
7080 3836
7081 1092
7082 6541
7083 3149
7084 6588
7085 6950
7086 9266
7087 1431
7088 7237
7089 9970
7090 7041
7091 7933
7092 2399
7093 89
7094 32
7095 9309
7096 9582
7097 1906
7098 5863
7099 1436
7100 1759
7101 9765
7102 1585
7103 1170
7104 2376
7105 8053
7106 8036
7107 1963
7108 8851
7109 3285
7110 2206
7111 3702
7112 3623
7113 9455
7114 2408
7115 8424
7116 9767
7117 1730
7118 3297
7119 8947
7120 3644
7121 6877
7122 1966
7123 8945
7124 1703
7125 9670
7126 4205
7127 5296
7128 2133
7129 4179
7130 4326
7131 8102
7132 5328
7133 2112
7134 9348
7135 3761
7136 1155
7137 8855
7138 7819
7139 2393
7140 8158
7141 5814
7142 2312
7143 1087
7144 3071
7145 1203
7146 681
7147 9390
7148 8209
7149 2317
7150 5356
7151 4246
7152 7268
7153 2512
7154 4967
7155 8293
7156 694
7157 7896
7158 1293
7159 8902
7160 5751
7161 6022
7162 6242
7163 3846
7164 4717
7165 4669
7166 8917
7167 8728
7168 8282
7169 9359
7170 2262
7171 5997
7172 9559
7173 4125
7174 4141
7175 5836
7176 3932
7177 575
7178 439
7179 8130
7180 955
7181 3013
7182 3489
7183 180
7184 1710
7185 8074
7186 2820
7187 1497
7188 6514
7189 5683
7190 4653
7191 2939
7192 7145
7193 812
7194 4831
7195 5373
7196 6875
7197 9451
7198 7731
7199 4156
7200 5795
7201 1008
7202 5918
7203 608
7204 1977
7205 495
7206 1185
7207 3767
7208 8189
7209 1510
7210 1559
7211 9474
7212 2240
7213 5915
7214 3414
7215 8868
7216 8370
7217 4343
7218 3931
7219 6230
7220 526
7221 6605
7222 2909
7223 5096
7224 8163
7225 394
7226 2592
7227 6650
7228 2025
7229 5425
7230 3075
7231 1146
7232 1920
7233 8651
7234 2259
7235 8402
7236 7587
7237 831
7238 9618
7239 7759
7240 2773
7241 2273
7242 4782
7243 6078
7244 5376
7245 6863
7246 9261
7247 4097
7248 4027
7249 5655
7250 3174
7251 169
7252 7001
7253 2225
7254 7875
7255 7943
7256 1845
7257 3945
7258 9844
7259 1900
7260 6819
7261 5750
7262 3110
7263 3833
7264 3637
7265 4912
7266 5823
7267 4927
7268 5474
7269 4795
7270 5555
7271 3547
7272 5191
7273 4950
7274 6126
7275 9894
7276 173
7277 6184
7278 496
7279 6869
7280 7889
7281 5306
7282 9310
7283 1801
7284 1742
7285 4072
7286 7384
7287 234
7288 500
7289 8927
7290 1489
7291 1590
7292 9742
7293 9781
7294 7730
7295 1766
7296 4725
7297 4383
7298 6963
7299 7652
7300 2328
7301 4741
7302 6471
7303 4084
7304 282
7305 1117
7306 4869
7307 4250
7308 4148
7309 1558
7310 3160
7311 5297
7312 9539
7313 687
7314 795
7315 2329
7316 3903
7317 1140
7318 8392
7319 6350
7320 1496
7321 9274
7322 8240
7323 6974
7324 262
7325 9156
7326 6577
7327 9576
7328 8485
7329 9223
7330 1054
7331 6155
7332 1076
7333 1154
7334 4984
7335 1244
7336 2209
7337 6662
7338 8337
7339 888
7340 7961
7341 4918
7342 6129
7343 2430
7344 4907
7345 4248
7346 1634
7347 2144
7348 8907
7349 8157
7350 5974
7351 9172
7352 3886
7353 9113
7354 6008
7355 7124
7356 2122
7357 9696
7358 9222
7359 5675
7360 7163
7361 6184
7362 278
7363 1053
7364 3132
7365 2099
7366 3425
7367 5326
7368 2791
7369 8
7370 1908
7371 3047
7372 2199
7373 7720
7374 3853
7375 4152
7376 1657
7377 9626
7378 4281
7379 8095
7380 9017
7381 4967
7382 7968
7383 9893
7384 8554
7385 9664
7386 7116
7387 3352
7388 3802
7389 9965
7390 8585
7391 3931
7392 3098
7393 8782
7394 4792
7395 976
7396 5933
7397 3858
7398 7181
7399 1462
7400 370
7401 6593
7402 3248
7403 6527
7404 4212
7405 4850
7406 5674
7407 4152
7408 3706
7409 1910
7410 237
7411 8575
7412 15
7413 4824
7414 4887
7415 1510
7416 6129
7417 9883
7418 3463
7419 7721
7420 5149
7421 7020
7422 3375
7423 5710
7424 6141
7425 4315
7426 3839
7427 2902
7428 6615
7429 3153
7430 8822
7431 3182
7432 6331
7433 3323
7434 5216
7435 803
7436 4040
7437 3681
7438 6421
7439 3327
7440 5517
7441 4092
7442 649
7443 5415
7444 3641
7445 8738
7446 6956
7447 774
7448 1694
7449 3439
7450 843
7451 8271
7452 8536
7453 8149
7454 7861
7455 2363
7456 7442
7457 9876
7458 6761
7459 6923
7460 7557
7461 5877
7462 1621
7463 9222
7464 6548
7465 8465
7466 5975
7467 1558
7468 8385
7469 5726
7470 9457
7471 2914
7472 1979
7473 1949
7474 1286
7475 4785
7476 3697
7477 2632
7478 6998
7479 1449
7480 2093
7481 1951
7482 5957
7483 4761
7484 5544
7485 7786
7486 6513
7487 6843
7488 5639
7489 8391
7490 5371
7491 713
7492 1615
7493 7148
7494 3828
7495 4995
7496 8150
7497 478
7498 5724
7499 6822
7500 5855
7501 5040
7502 3668
7503 5305
7504 1085
7505 4919
7506 589
7507 9029
7508 4337
7509 128
7510 4898
7511 4096
7512 7500
7513 6106
7514 1127
7515 3507
7516 9869
7517 1164
7518 2450
7519 3166
7520 6235
7521 4911
7522 1253
7523 3021
7524 3472
7525 4160
7526 9979
7527 8682
7528 1980
7529 8018
7530 4581
7531 7342
7532 7636
7533 9978
7534 3031
7535 7621
7536 2480
7537 4405
7538 5261
7539 2471
7540 1747
7541 9611
7542 4916
7543 3270
7544 1455
7545 172
7546 5501
7547 1566
7548 9032
7549 2091
7550 8169
7551 8673
7552 3838
7553 9985
7554 7429
7555 8225
7556 6515
7557 5810
7558 9031
7559 9548
7560 3834
7561 1974
7562 1215
7563 71
7564 7448
7565 702
7566 8675
7567 16
7568 1756
7569 466
7570 7522
7571 4581
7572 4363
7573 169
7574 6529
7575 5753
7576 2483
7577 4326
7578 2150
7579 516
7580 1103
7581 4746
7582 1586
7583 29
7584 4430
7585 2037
7586 8208
7587 5641
7588 4177
7589 6626
7590 3082
7591 4204
7592 2953
7593 3802
7594 3470
7595 4587
7596 7440
7597 2937
7598 6531
7599 8794
7600 8696
7601 8907
7602 7639
7603 9021
7604 8485
7605 7432
7606 6685
7607 3174
7608 8331
7609 7110
7610 771
7611 6951
7612 549
7613 22
7614 7940
7615 6435
7616 3238
7617 4118
7618 847
7619 4012
7620 7706
7621 7702
7622 4012
7623 3608
7624 948
7625 5562
7626 5574
7627 6847
7628 1517
7629 4656
7630 4176
7631 3330
7632 4443
7633 5549
7634 2769
7635 4036
7636 5146
7637 3507
7638 1515
7639 8225
7640 5027
7641 2539
7642 281
7643 2358
7644 4369
7645 1520
7646 8076
7647 6871
7648 291
7649 2763
7650 1959
7651 3350
7652 8227
7653 987
7654 8937
7655 1248
7656 2048
7657 238
7658 5454
7659 5739
7660 1040
7661 1835
7662 4056
7663 5276
7664 2833
7665 2343
7666 3834
7667 7421
7668 602
7669 6550
7670 1695
7671 8611
7672 4577
7673 5404
7674 8761
7675 1151
7676 5288
7677 2699
7678 8573
7679 9511
7680 776
7681 3109
7682 5695
7683 7322
7684 8996
7685 1440
7686 2193
7687 562
7688 10
7689 2493
7690 3879
7691 5952
7692 7994
7693 3888
7694 1053
7695 3383
7696 7
7697 2594
7698 2902
7699 3023
7700 9954
7701 7182
7702 4634
7703 8266
7704 7526
7705 8351
7706 8638
7707 6001
7708 2766
7709 4927
7710 8771
7711 5376
7712 9702
7713 8875
7714 8726
7715 4551
7716 7245
7717 9458
7718 2861
7719 5867
7720 694
7721 4140
7722 1672
7723 1882
7724 257
7725 1278
7726 2007
7727 1925
7728 8484
7729 5570
7730 3222
7731 9081
7732 328
7733 5168
7734 6224
7735 8057
7736 4656
7737 8772
7738 2226
7739 1077
7740 5343
7741 9690
7742 4137
7743 7306
7744 5517
7745 1396
7746 5068
7747 9402
7748 5409
7749 3389
7750 4882
7751 5150
7752 6531
7753 1027
7754 4510
7755 8366
7756 6646
7757 1471
7758 2337
7759 9563
7760 7845
7761 1358
7762 3050
7763 2421
7764 2899
7765 7613
7766 8353
7767 1525
7768 6255
7769 7745
7770 9486
7771 5037
7772 9432
7773 3568
7774 9605
7775 816
7776 3817
7777 4295
7778 6384
7779 5335
7780 9416
7781 6500
7782 9558
7783 3091
7784 3644
7785 3514
7786 8234
7787 7498
7788 8182
7789 5171
7790 6964
7791 9395
7792 1086
7793 3971
7794 3555
7795 3775
7796 4979
7797 1800
7798 5716
7799 2599
7800 7500
7801 5989
7802 4465
7803 5613
7804 9908
7805 694
7806 1298
7807 9156
7808 1478
7809 7752
7810 5457
7811 182
7812 7535
7813 8264
7814 5977
7815 3778
7816 1003
7817 1398
7818 7024
7819 8112
7820 9331
7821 3372
7822 4402
7823 5423
7824 203
7825 8435
7826 2129
7827 3979
7828 4278
7829 7415
7830 7163
7831 2480
7832 9171
7833 8090
7834 2926
7835 3361
7836 7264
7837 4185
7838 1846
7839 4315
7840 5067
7841 5893
7842 1515
7843 4865
7844 2286
7845 2400
7846 712
7847 8261
7848 7587
7849 7374
7850 9344
7851 220
7852 2542
7853 9828
7854 6861
7855 1018
7856 2105
7857 7936
7858 7457
7859 913
7860 5821
7861 2062
7862 7537
7863 1721
7864 7557
7865 9582
7866 8224
7867 3812
7868 3146
7869 5474
7870 8820
7871 1346
7872 9946
7873 5272
7874 2330
7875 3334
7876 5425
7877 2111
7878 1251
7879 6880
7880 3960
7881 9486
7882 1515
7883 5934
7884 3816
7885 6692
7886 5380
7887 6766
7888 4794
7889 5931
7890 8363
7891 3225
7892 7335
7893 2861
7894 8373
7895 793
7896 2729
7897 7350
7898 9797
7899 4109
7900 5096
7901 6670
7902 1460
7903 9860
7904 2508
7905 1131
7906 446
7907 4583
7908 7749
7909 4247
7910 2634
7911 8506
7912 5178
7913 8243
7914 1681
7915 7426
7916 8619
7917 5484
7918 6786
7919 5413
7920 7511
7921 793
7922 2747
7923 9476
7924 4576
7925 2436
7926 750
7927 534
7928 4957
7929 644
7930 4549
7931 4791
7932 4840
7933 4764
7934 3297
7935 9519
7936 193
7937 4598
7938 6615
7939 8679
7940 7959
7941 2396
7942 9145
7943 2862
7944 6015
7945 6096
7946 6530
7947 4076
7948 6940
7949 2842
7950 7297
7951 3306
7952 7619
7953 5817
7954 3002
7955 3351
7956 2093
7957 7090
7958 3954
7959 5317
7960 3655
7961 9333
7962 9948
7963 3523
7964 130
7965 7477
7966 820
7967 9557
7968 2532
7969 4533
7970 1205
7971 7267
7972 774
7973 9793
7974 7125
7975 533
7976 9885
7977 5700
7978 3647
7979 9303
7980 2601
7981 3239
7982 3604
7983 8462
7984 6669
7985 4479
7986 8774
7987 5989
7988 7706
7989 1683
7990 6041
7991 9432
7992 1271
7993 780
7994 8880
7995 3083
7996 1578
7997 5740
7998 36
7999 8138
8000 9566
8001 5153
8002 3779
8003 338
8004 3962
8005 431
8006 8839
8007 1573
8008 2442
8009 4036
8010 7523
8011 6807
8012 944
8013 602
8014 5130
8015 1709
8016 7547
8017 2553
8018 4994
8019 941
8020 4722
8021 6075
8022 1453
8023 5683
8024 4925
8025 3225
8026 5459
8027 3703
8028 3812
8029 6224
8030 6215
8031 3791
8032 8658
8033 428
8034 9029
8035 590
8036 4806
8037 9937
8038 3410
8039 3843
8040 2219
8041 8337
8042 7741
8043 2294
8044 1752
8045 2684
8046 7163
8047 676
8048 2743
8049 4584
8050 1852
8051 8604
8052 2084
8053 9120
8054 811
8055 7632
8056 1343
8057 8102
8058 5850
8059 929
8060 8328
8061 428
8062 7338
8063 7821
8064 239
8065 3178
8066 3668
8067 5263
8068 648
8069 1945
8070 5997
8071 5336
8072 8280
8073 5870
8074 6315
8075 8143
8076 236
8077 252
8078 4685
8079 5557
8080 6978
8081 3920
8082 9918
8083 8916
8084 4827
8085 7833
8086 6825
8087 3148
8088 691
8089 2886
8090 1383
8091 6856
8092 4410
8093 9362
8094 7240
8095 6334
8096 1963
8097 865
8098 3422
8099 87
8100 4180
8101 7989
8102 8499
8103 5608
8104 6405
8105 3015
8106 8691
8107 8234
8108 253
8109 5780
8110 317
8111 2395
8112 4176
8113 7675
8114 6245
8115 1330
8116 7981
8117 740
8118 6629
8119 8452
8120 6015
8121 1781
8122 1004
8123 704
8124 8759
8125 4462
8126 8000
8127 1581
8128 3316
8129 1130
8130 2042
8131 4589
8132 5728
8133 4633
8134 5509
8135 1341
8136 4460
8137 5410
8138 3122
8139 7832
8140 6028
8141 9623
8142 5623
8143 9458
8144 3299
8145 5836
8146 2821
8147 5827
8148 7625
8149 9819
8150 205
8151 9975
8152 5978
8153 1297
8154 552
8155 6221
8156 2723
8157 6768
8158 6612
8159 4530
8160 1215
8161 3232
8162 6082
8163 9126
8164 2951
8165 3480
8166 8362
8167 7931
8168 9180
8169 4891
8170 4293
8171 2404
8172 5798
8173 3318
8174 9949
8175 1987
8176 4283
8177 3928
8178 2345
8179 1357
8180 9650
8181 7289
8182 1946
8183 9825
8184 3146
8185 4313
8186 2096
8187 6340
8188 8774
8189 7639
8190 8778
8191 4232
8192 1667
8193 5378
8194 5880
8195 9880
8196 3356
8197 2459
8198 3551
8199 2640
8200 666
8201 4847
8202 3686
8203 6111
8204 9047
8205 7227
8206 7461
8207 1137
8208 6446
8209 735
8210 1045
8211 5622
8212 7059
8213 7491
8214 804
8215 9288
8216 8502
8217 6554
8218 8858
8219 1625
8220 6001
8221 7318
8222 9683
8223 3117
8224 1853
8225 1596
8226 8648
8227 35
8228 6331
8229 9739
8230 1777
8231 5273
8232 7803
8233 6004
8234 2877
8235 7145
8236 3343
8237 7435
8238 815
8239 1122
8240 3103
8241 5267
8242 3509
8243 7841
8244 5786
8245 5201
8246 5017
8247 9311
8248 598
8249 8597
8250 8374
8251 6527
8252 8514
8253 9632
8254 9487
8255 6734
8256 3357
8257 5903
8258 2683
8259 8398
8260 2747
8261 2159
8262 646
8263 7018
8264 7288
8265 6623
8266 8073
8267 4113
8268 6602
8269 4569
8270 4447
8271 4991
8272 1925
8273 2094
8274 7669
8275 78
8276 4965
8277 463
8278 3767
8279 7817
8280 6403
8281 1050
8282 3347
8283 7404
8284 472
8285 4788
8286 5805
8287 1248
8288 9854
8289 4315
8290 403
8291 3424
8292 536
8293 7586
8294 3735
8295 6931
8296 6579
8297 2796
8298 2424
8299 8313
8300 8185
8301 4806
8302 1660
8303 9068
8304 8639
8305 4923
8306 5897
8307 6614
8308 3833
8309 1340
8310 2723
8311 380
8312 6476
8313 2643
8314 2162
8315 7204
8316 8788
8317 3707
8318 8670
8319 9563
8320 4959
8321 3327
8322 8347
8323 9658
8324 4140
8325 1252
8326 4540
8327 9676
8328 6211
8329 6271
8330 4573
8331 6582
8332 2750
8333 3123
8334 8542
8335 2563
8336 5829
8337 9873
8338 5500
8339 7914
8340 6042
8341 2794
8342 3754
8343 7286
8344 8121
8345 3492
8346 5756
8347 6995
8348 6437
8349 4335
8350 7692
8351 3654
8352 1018
8353 2231
8354 2618
8355 643
8356 2278
8357 9028
8358 1841
8359 1259
8360 8257
8361 5906
8362 6224
8363 9111
8364 6535
8365 4800
8366 1219
8367 8909
8368 7435
8369 135
8370 1075
8371 5332
8372 3813
8373 6042
8374 167
8375 8638
8376 2239
8377 1627
8378 5475
8379 248
8380 6416
8381 4759
8382 5351
8383 4009
8384 1783
8385 8255
8386 7950
8387 58
8388 3916
8389 3323
8390 1290
8391 1005
8392 1383
8393 6393
8394 8112
8395 7403
8396 9439
8397 4349
8398 8701
8399 5683
8400 9628
8401 9458
8402 8675
8403 8038
8404 4020
8405 5376
8406 3936
8407 7098
8408 710
8409 4131
8410 1822
8411 7382
8412 8056
8413 1209
8414 7675
8415 1373
8416 4250
8417 226
8418 8356
8419 8157
8420 3384
8421 3298
8422 8946
8423 3788
8424 7632
8425 4443
8426 515
8427 5869
8428 6558
8429 7537
8430 2419
8431 1002
8432 6581
8433 2569
8434 2928
8435 1980
8436 4152
8437 8489
8438 8468
8439 81
8440 5516
8441 5296
8442 14
8443 5510
8444 8072
8445 1671
8446 4232
8447 3467
8448 9000
8449 1135
8450 9033
8451 6725
8452 3498
8453 5704
8454 937
8455 9697
8456 3781
8457 7483
8458 6153
8459 8534
8460 4498
8461 1262
8462 1227
8463 2419
8464 7085
8465 6700
8466 4225
8467 4942
8468 4602
8469 5378
8470 7110
8471 6713
8472 8648
8473 9822
8474 3573
8475 6606
8476 1704
8477 1099
8478 1904
8479 8913
8480 3458
8481 1508
8482 9894
8483 7400
8484 174
8485 7762
8486 2831
8487 4662
8488 8990
8489 3105
8490 5811
8491 6350
8492 26
8493 5374
8494 5395
8495 1239
8496 1554
8497 707
8498 921
8499 8264
8500 9924
8501 6981
8502 6866
8503 2642
8504 4753
8505 6638
8506 7609
8507 4618
8508 919
8509 9714
8510 4234
8511 5108
8512 9511
8513 2291
8514 3282
8515 1262
8516 7300
8517 2410
8518 8136
8519 6021
8520 381
8521 2900
8522 8562
8523 2304
8524 1191
8525 423
8526 474
8527 6611
8528 6755
8529 9115
8530 7393
8531 4869
8532 5424
8533 8478
8534 6233
8535 3136
8536 1866
8537 2014
8538 3600
8539 2105
8540 8029
8541 2203
8542 5409
8543 4582
8544 9256
8545 2010
8546 4808
8547 6759
8548 3530
8549 4493
8550 8041
8551 3189
8552 132
8553 4429
8554 7757
8555 7367
8556 2025
8557 122
8558 6932
8559 1085
8560 8966
8561 5962
8562 1537
8563 8016
8564 1737
8565 9345
8566 1700
8567 7693
8568 5061
8569 2025
8570 5317
8571 6670
8572 560
8573 4655
8574 8286
8575 7004
8576 8928
8577 6670
8578 6048
8579 7297
8580 2957
8581 8520
8582 7678
8583 7929
8584 1248
8585 5988
8586 908
8587 7467
8588 1079
8589 1220
8590 2994
8591 2306
8592 5017
8593 5043
8594 1987
8595 9310
8596 109
8597 1059
8598 6732
8599 5865
8600 2615
8601 2478
8602 3516
8603 1850
8604 290
8605 6531
8606 7716
8607 9015
8608 2268
8609 8087
8610 6654
8611 9306
8612 3716
8613 4437
8614 1304
8615 1301
8616 6540
8617 5342
8618 9231
8619 9547
8620 9514
8621 6492
8622 9816
8623 211
8624 6461
8625 8268
8626 2777
8627 5999
8628 8478
8629 8488
8630 60
8631 5410
8632 1463
8633 43
8634 4232
8635 4856
8636 740
8637 1662
8638 7642
8639 2667
8640 8357
8641 8745
8642 5697
8643 4403
8644 7100
8645 3059
8646 8932
8647 6096
8648 760
8649 3372
8650 599
8651 7669
8652 7076
8653 8718
8654 7056
8655 9218
8656 1126
8657 4368
8658 9966
8659 8888
8660 8738
8661 5855
8662 9282
8663 5956
8664 6930
8665 6215
8666 1752
8667 1177
8668 8604
8669 8881
8670 1236
8671 6796
8672 2661
8673 8507
8674 7831
8675 9367
8676 3104
8677 3257
8678 688
8679 6009
8680 6062
8681 8149
8682 6645
8683 9793
8684 8069
8685 8980
8686 3155
8687 3976
8688 6816
8689 8154
8690 1297
8691 8674
8692 6218
8693 5690
8694 7597
8695 4960
8696 1284
8697 9553
8698 1479
8699 1252
8700 1105
8701 8982
8702 3024
8703 8122
8704 536
8705 3468
8706 5956
8707 516
8708 9000
8709 7628
8710 1940
8711 4089
8712 459
8713 3464
8714 4824
8715 371
8716 463
8717 7553
8718 7047
8719 5102
8720 2024
8721 1067
8722 9271
8723 2504
8724 8489
8725 9183
8726 711
8727 4868
8728 7708
8729 4591
8730 4380
8731 7216
8732 4809
8733 1679
8734 3986
8735 206
8736 6951
8737 6993
8738 7990
8739 4665
8740 7549
8741 7270
8742 3364
8743 7179
8744 1999
8745 6669
8746 6102
8747 2627
8748 4065
8749 2988
8750 5066
8751 8444
8752 4402
8753 7395
8754 5246
8755 396
8756 3358
8757 9732
8758 4476
8759 7664
8760 7959
8761 1759
8762 5084
8763 7291
8764 7025
8765 4146
8766 3
8767 4540
8768 8520
8769 9439
8770 3221
8771 1401
8772 3483
8773 3602
8774 2609
8775 3685
8776 2501
8777 5820
8778 5652
8779 7489
8780 1626
8781 3239
8782 1853
8783 272
8784 3515
8785 9375
8786 7210
8787 1900
8788 1057
8789 2014
8790 3831
8791 2479
8792 7048
8793 9488
8794 9668
8795 827
8796 1105
8797 7228
8798 9706
8799 4069
8800 3455
8801 708
8802 1056
8803 206
8804 6668
8805 7983
8806 7319
8807 5103
8808 7109
8809 4978
8810 8886
8811 1335
8812 4834
8813 216
8814 1517
8815 5868
8816 2019
8817 5979
8818 4202
8819 7954
8820 5532
8821 8087
8822 9648
8823 3688
8824 6476
8825 6237
8826 6338
8827 1560
8828 596
8829 7843
8830 2436
8831 9377
8832 8217
8833 6564
8834 7144
8835 9434
8836 9609
8837 8945
8838 7068
8839 1076
8840 5040
8841 7433
8842 123
8843 2546
8844 6391
8845 1324
8846 7387
8847 272
8848 1338
8849 9279
8850 2658
8851 5222
8852 1455
8853 2113
8854 1197
8855 1191
8856 8030
8857 8330
8858 2567
8859 3181
8860 3915
8861 26
8862 2967
8863 630
8864 1552
8865 4919
8866 5200
8867 246
8868 1824
8869 5480
8870 1949
8871 6215
8872 9675
8873 1068
8874 7884
8875 3365
8876 8166
8877 1137
8878 4317
8879 2711
8880 8072
8881 5357
8882 46
8883 9425
8884 5569
8885 4013
8886 9687
8887 1586
8888 2005
8889 6816
8890 203
8891 7313
8892 4629
8893 3458
8894 1427
8895 5068
8896 2597
8897 1992
8898 5611
8899 7265
8900 3094
8901 7038
8902 2222
8903 8524
8904 1719
8905 3579
8906 4118
8907 2276
8908 9877
8909 973
8910 4612
8911 5203
8912 3260
8913 1043
8914 5019
8915 5312
8916 3250
8917 3493
8918 4359
8919 8742
8920 5004
8921 286
8922 6507
8923 6543
8924 1762
8925 940
8926 8104
8927 8952
8928 5620
8929 6273
8930 24
8931 3845
8932 1887
8933 9622
8934 7889
8935 1208
8936 1608
8937 6381
8938 2999
8939 9302
8940 2667
8941 5796
8942 9453
8943 9031
8944 1977
8945 7680
8946 3389
8947 2244
8948 2899
8949 7260
8950 2773
8951 6543
8952 9222
8953 7100
8954 2956
8955 2216
8956 2220
8957 9247
8958 5454
8959 6738
8960 1175
8961 7794
8962 7511
8963 4215
8964 862
8965 1565
8966 1055
8967 546
8968 8463
8969 7926
8970 4386
8971 1684
8972 7881
8973 7469
8974 8847
8975 4755
8976 6923
8977 1559
8978 7177
8979 6606
8980 2989
8981 6499
8982 4581
8983 1469
8984 2780
8985 1776
8986 5910
8987 6718
8988 3774
8989 1801
8990 6124
8991 7676
8992 987
8993 9884
8994 9584
8995 5375
8996 5839
8997 869
8998 8741
8999 9796
9000 5871
9001 7941
9002 5635
9003 642
9004 184
9005 3729
9006 338
9007 5406
9008 4563
9009 7494
9010 8679
9011 9973
9012 3299
9013 7144
9014 9529
9015 9222
9016 9893
9017 6553
9018 8077
9019 9523
9020 4100
9021 5444
9022 6229
9023 464
9024 1865
9025 5280
9026 8204
9027 9430
9028 7762
9029 6157
9030 5932
9031 2226
9032 4191
9033 7826
9034 8248
9035 9466
9036 7189
9037 960
9038 7358
9039 3615
9040 942
9041 2626
9042 1077
9043 1032
9044 1289
9045 6863
9046 8970
9047 7664
9048 8714
9049 5604
9050 6216
9051 6445
9052 9565
9053 1794
9054 6216
9055 8962
9056 4862
9057 1169
9058 2887
9059 1821
9060 2995
9061 101
9062 3487
9063 8254
9064 9692
9065 8447
9066 2965
9067 2480
9068 1591
9069 102
9070 3457
9071 7351
9072 9503
9073 3850
9074 2206
9075 4057
9076 3592
9077 599
9078 2338
9079 4629
9080 381
9081 7010
9082 615
9083 3247
9084 5940
9085 5267
9086 6540
9087 336
9088 8579
9089 9030
9090 8403
9091 9015
9092 3714
9093 7867
9094 400
9095 835
9096 8379
9097 2284
9098 102
9099 2617
9100 2214
9101 5736
9102 173
9103 8336
9104 4775
9105 3148
9106 5710
9107 2073
9108 3962
9109 2021
9110 9721
9111 1877
9112 878
9113 1125
9114 494
9115 4924
9116 5959
9117 3027
9118 7757
9119 9462
9120 8378
9121 4528
9122 8934
9123 9465
9124 5411
9125 9078
9126 8608
9127 4599
9128 2323
9129 9195
9130 2971
9131 62
9132 1749
9133 7426
9134 4441
9135 4831
9136 4659
9137 7291
9138 8058
9139 9010
9140 4724
9141 5957
9142 3785
9143 8922
9144 6711
9145 2056
9146 3597
9147 4677
9148 2395
9149 4244
9150 3580
9151 6228
9152 9333
9153 827
9154 2869
9155 6805
9156 7668
9157 3076
9158 6211
9159 328
9160 8096
9161 878
9162 44
9163 9727
9164 5328
9165 4773
9166 4095
9167 8191
9168 939
9169 1698
9170 599
9171 3118
9172 1263
9173 9210
9174 17
9175 916
9176 5746
9177 1959
9178 6554
9179 6150
9180 7314
9181 4873
9182 7457
9183 8749
9184 2162
9185 8760
9186 1505
9187 8637
9188 362
9189 9133
9190 2589
9191 9720
9192 8305
9193 4251
9194 7609
9195 6980
9196 3888
9197 510
9198 9582
9199 500
9200 1461
9201 5822
9202 2771
9203 5855
9204 5033
9205 7479
9206 2068
9207 8102
9208 3584
9209 6787
9210 9705
9211 162
9212 730
9213 2742
9214 2526
9215 6119
9216 3826
9217 4219
9218 2337
9219 8403
9220 3901
9221 7005
9222 8647
9223 937
9224 5520
9225 1707
9226 6446
9227 6898
9228 5783
9229 9762
9230 2774
9231 8726
9232 4294
9233 4282
9234 9755
9235 8410
9236 4441
9237 9547
9238 2302
9239 1083
9240 1829
9241 7953
9242 3344
9243 8976
9244 8405
9245 6616
9246 876
9247 5822
9248 5807
9249 6459
9250 3298
9251 8628
9252 9903
9253 2554
9254 4651
9255 1771
9256 8270
9257 8447
9258 4681
9259 19
9260 684
9261 3089
9262 6471
9263 2543
9264 2923
9265 5224
9266 4612
9267 9953
9268 4062
9269 6260
9270 7627
9271 2884
9272 8874
9273 7654
9274 9694
9275 7619
9276 5192
9277 197
9278 5133
9279 6062
9280 8470
9281 3666
9282 3606
9283 5446
9284 8905
9285 8672
9286 9376
9287 9578
9288 8506
9289 515
9290 8545
9291 4108
9292 633
9293 36
9294 1864
9295 5416
9296 5697
9297 3028
9298 8350
9299 9933
9300 2111
9301 5549
9302 3645
9303 8895
9304 6425
9305 608
9306 630
9307 6633
9308 6045
9309 1686
9310 6463
9311 3039
9312 9033
9313 3932
9314 3537
9315 590
9316 2964
9317 9713
9318 8943
9319 8030
9320 8788
9321 4312
9322 1815
9323 2829
9324 1013
9325 7415
9326 2964
9327 4046
9328 236
9329 4335
9330 4825
9331 4516
9332 3340
9333 7914
9334 9624
9335 8473
9336 6075
9337 2887
9338 75
9339 433
9340 3150
9341 7841
9342 3869
9343 783
9344 3646
9345 8493
9346 8582
9347 534
9348 485
9349 138
9350 2518
9351 4934
9352 1465
9353 8632
9354 8765
9355 1531
9356 6044
9357 3043
9358 9185
9359 1358
9360 1603
9361 9816
9362 573
9363 6061
9364 1595
9365 2098
9366 8861
9367 339
9368 7727
9369 5755
9370 7599
9371 4687
9372 6676
9373 245
9374 4545
9375 2215
9376 2604
9377 2626
9378 8972
9379 7652
9380 9657
9381 1659
9382 7811
9383 3549
9384 1742
9385 9302
9386 6959
9387 758
9388 288
9389 5079
9390 2481
9391 3480
9392 6344
9393 4192
9394 1275
9395 4333
9396 4808
9397 7498
9398 1637
9399 2
9400 8569
9401 8447
9402 3257
9403 6779
9404 3952
9405 1801
9406 1366
9407 3491
9408 1867
9409 2424
9410 2150
9411 3845
9412 7234
9413 5852
9414 1209
9415 3945
9416 8042
9417 5056
9418 185
9419 5994
9420 3830
9421 3456
9422 1220
9423 8948
9424 6061
9425 6259
9426 6922
9427 6093
9428 7959
9429 8546
9430 7400
9431 7616
9432 4104
9433 3483
9434 6723
9435 2165
9436 2732
9437 9867
9438 8757
9439 4565
9440 2954
9441 9965
9442 4209
9443 8116
9444 1149
9445 1603
9446 3959
9447 5843
9448 909
9449 5990
9450 8080
9451 4537
9452 9649
9453 3771
9454 6648
9455 1569
9456 148
9457 7869
9458 9199
9459 4152
9460 844
9461 795
9462 9693
9463 2618
9464 3468
9465 7448
9466 8236
9467 7508
9468 5240
9469 1251
9470 2485
9471 2961
9472 730
9473 7103
9474 6047
9475 1784
9476 8342
9477 6050
9478 1841
9479 4035
9480 7413
9481 8182
9482 2859
9483 5341
9484 3228
9485 8586
9486 7319
9487 957
9488 9212
9489 4079
9490 4007
9491 7173
9492 2491
9493 3069
9494 7258
9495 8761
9496 6070
9497 3867
9498 2610
9499 7896
9500 2655
9501 1814
9502 6950
9503 6877
9504 9062
9505 596
9506 2275
9507 3002
9508 5690
9509 5068
9510 7570
9511 6070
9512 9019
9513 4690
9514 7588
9515 5361
9516 767
9517 6928
9518 4457
9519 9505
9520 8432
9521 5520
9522 9338
9523 8174
9524 8624
9525 8700
9526 877
9527 6409
9528 3640
9529 6387
9530 7369
9531 51
9532 1305
9533 7183
9534 8984
9535 4618
9536 8140
9537 7638
9538 8983
9539 3368
9540 3433
9541 5935
9542 4911
9543 164
9544 8807
9545 6347
9546 5895
9547 196
9548 7375
9549 5779
9550 6606
9551 3582
9552 8747
9553 1805
9554 1417
9555 6815
9556 2202
9557 492
9558 6041
9559 2830
9560 5321
9561 8633
9562 3550
9563 426
9564 1454
9565 9481
9566 7328
9567 4110
9568 2830
9569 7112
9570 4002
9571 2188
9572 3690
9573 6289
9574 6163
9575 2911
9576 2540
9577 5112
9578 3191
9579 440
9580 2499
9581 6522
9582 8542
9583 4972
9584 1120
9585 800
9586 7030
9587 3950
9588 9121
9589 1988
9590 4814
9591 5573
9592 1038
9593 7619
9594 5695
9595 3859
9596 6605
9597 8000
9598 2636
9599 8308
9600 6013
9601 5330
9602 3628
9603 6604
9604 5077
9605 1055
9606 1145
9607 2231
9608 1643
9609 5650
9610 7384
9611 1134
9612 6273
9613 9788
9614 2408
9615 7611
9616 682
9617 9069
9618 8711
9619 7477
9620 7134
9621 1706
9622 5172
9623 17
9624 9770
9625 9433
9626 399
9627 9929
9628 8859
9629 9674
9630 2435
9631 9458
9632 4444
9633 4583
9634 9840
9635 8161
9636 6241
9637 786
9638 7443
9639 3923
9640 1005
9641 5361
9642 7576
9643 7086
9644 1160
9645 1617
9646 5448
9647 6661
9648 6959
9649 6949
9650 2774
9651 1542
9652 478
9653 5145
9654 4618
9655 2232
9656 9187
9657 9914
9658 2278
9659 7047
9660 1978
9661 2871
9662 2277
9663 1359
9664 1638
9665 8517
9666 199
9667 1492
9668 8251
9669 1807
9670 2480
9671 2712
9672 658
9673 5074
9674 4562
9675 4460
9676 9353
9677 7973
9678 8170
9679 3340
9680 214
9681 7274
9682 2454
9683 5561
9684 8854
9685 4926
9686 2323
9687 9962
9688 4915
9689 6972
9690 8322
9691 7213
9692 3423
9693 4079
9694 8204
9695 4558
9696 9317
9697 2339
9698 1924
9699 9365
9700 1227
9701 9956
9702 7009
9703 5091
9704 6436
9705 2226
9706 6352
9707 9377
9708 5933
9709 5696
9710 2876
9711 3472
9712 8109
9713 3215
9714 6163
9715 398
9716 1768
9717 2859
9718 7654
9719 6552
9720 6797
9721 4859
9722 6007
9723 1822
9724 5337
9725 596
9726 5280
9727 8494
9728 7110
9729 4312
9730 5887
9731 5706
9732 9787
9733 8072
9734 970
9735 239
9736 9403
9737 5090
9738 1409
9739 8318
9740 5758
9741 4788
9742 5523
9743 1087
9744 9727
9745 2486
9746 6977
9747 2512
9748 1490
9749 3447
9750 40
9751 4036
9752 2456
9753 6046
9754 5723
9755 8065
9756 1233
9757 7783
9758 595
9759 7933
9760 7438
9761 7755
9762 4203
9763 6940
9764 2083
9765 928
9766 1337
9767 5351
9768 9766
9769 702
9770 2763
9771 7814
9772 6522
9773 4590
9774 5739
9775 4653
9776 9521
9777 7950
9778 809
9779 7002
9780 5645
9781 8908
9782 2766
9783 8747
9784 3191
9785 4382
9786 9947
9787 5157
9788 6472
9789 8338
9790 6138
9791 1392
9792 7241
9793 4216
9794 2068
9795 131
9796 2271
9797 5953
9798 5195
9799 638
9800 417
9801 2441
9802 9121
9803 7716
9804 5642
9805 1528
9806 3010
9807 7952
9808 4135
9809 2644
9810 5756
9811 1476
9812 3540
9813 970
9814 3958
9815 134
9816 670
9817 200
9818 3142
9819 920
9820 2201
9821 6038
9822 6726
9823 975
9824 3562
9825 4347
9826 2554
9827 6469
9828 3859
9829 2442
9830 1717
9831 6091
9832 3208
9833 9237
9834 337
9835 8065
9836 4030
9837 9785
9838 9295
9839 7026
9840 9494
9841 1300
9842 6017
9843 3594
9844 2032
9845 6922
9846 7641
9847 3792
9848 3196
9849 7001
9850 6363
9851 4982
9852 6551
9853 9894
9854 577
9855 7252
9856 6583
9857 8972
9858 3309
9859 5200
9860 1011
9861 2574
9862 8233
9863 5291
9864 6163
9865 7255
9866 2596
9867 2747
9868 4939
9869 9527
9870 6331
9871 6153
9872 3666
9873 2989
9874 628
9875 3836
9876 1978
9877 9519
9878 6105
9879 8483
9880 5494
9881 617
9882 8636
9883 1571
9884 8015
9885 1358
9886 2814
9887 4590
9888 9976
9889 1167
9890 1129
9891 5349
9892 1432
9893 9853
9894 1897
9895 8491
9896 9741
9897 4148
9898 3385
9899 3388
9900 955
9901 5200
9902 4166
9903 5474
9904 9705
9905 4264
9906 7303
9907 5682
9908 1044
9909 5387
9910 4061
9911 1421
9912 1289
9913 9010
9914 8259
9915 1493
9916 9057
9917 4455
9918 3608
9919 7537
9920 6655
9921 2627
9922 3581
9923 2435
9924 8364
9925 9500
9926 7268
9927 9122
9928 5811
9929 7414
9930 8755
9931 3122
9932 4445
9933 8380
9934 7759
9935 6281
9936 9121
9937 7392
9938 648
9939 694
9940 7682
9941 9359
9942 5689
9943 3250
9944 9022
9945 667
9946 4998
9947 1316
9948 6559
9949 4750
9950 4161
9951 5106
9952 1387
9953 6944
9954 7826
9955 8462
9956 5244
9957 9504
9958 6986
9959 8037
9960 8149
9961 2960
9962 3013
9963 1977
9964 2077
9965 354
9966 9473
9967 8391
9968 4800
9969 2386
9970 8615
9971 2098
9972 6453
9973 2524
9974 9674
9975 516
9976 7626
9977 9782
9978 2002
9979 837
9980 8275
9981 557
9982 1847
9983 2465
9984 1271
9985 2002
9986 5195
9987 4366
9988 7338
9989 4453
9990 7805
9991 4285
9992 2430
9993 4174
9994 5319
9995 4000
9996 3578
9997 6779
9998 1816
9999 5206
10000 7090
