2 12
3 79
4 9
5 52
6 83
7 56
8 80
9 57
10 78
11 47
12 24
13 12
14 39
15 35
16 3
17 89
18 16
19 31
20 66
21 58
22 53
23 6
24 5
25 54
26 40
27 73
28 98
29 3
30 67
31 94
32 1
33 24
34 4
35 1
36 14
37 99
38 89
39 51
40 50
41 58
42 58
43 48
44 3
45 80
46 94
47 5
48 69
49 11
50 45
51 85
52 96
53 74
54 19
55 74
56 30
57 5
58 73
59 31
60 11
61 67
62 41
63 24
64 84
65 11
66 76
67 76
68 54
69 61
70 91
71 51
72 67
73 25
74 58
75 54
76 74
77 83
78 38
79 20
80 81
81 92
82 24
83 85
84 49
85 47
86 99
87 75
88 72
89 68
90 63
91 15
92 57
93 71
94 35
95 39
96 42
97 36
98 96
99 60
100 28
