2 2166
3 3811
4 279
5 2911
6 842
7 843
8 1834
9 2165
10 403
11 2220
12 418
13 1970
14 2415
15 1044
16 4806
17 3023
18 1638
19 3051
20 4150
21 3332
22 2878
23 3820
24 3891
25 4154
26 1304
27 4010
28 2102
29 3173
30 2871
31 776
32 2171
33 47
34 4510
35 759
36 1577
37 4050
38 3208
39 1975
40 3638
41 2330
42 4285
43 3434
44 1125
45 46
46 1258
47 2314
48 2688
49 4190
50 1979
51 420
52 2898
53 3168
54 819
55 2009
56 1872
57 1360
58 733
59 2718
60 4096
61 2616
62 2435
63 3011
64 4446
65 4845
66 3264
67 1510
68 2112
69 2340
70 1958
71 4566
72 3495
73 1986
74 2088
75 4211
76 3187
77 3981
78 391
79 3089
80 3888
81 196
82 1019
83 2879
84 1757
85 4744
86 1693
87 490
88 2081
89 1286
90 469
91 649
92 4949
93 4243
94 756
95 1936
96 512
97 665
98 2142
99 4968
100 281
101 141
102 3654
103 4191
104 1753
105 1407
106 3848
107 4923
108 360
109 4660
110 3485
111 2640
112 3535
113 2466
114 1730
115 2167
116 3614
117 4537
118 1614
119 1713
120 3981
121 475
122 4237
123 4457
124 1187
125 3581
126 3299
127 3902
128 2385
129 3723
130 726
131 2789
132 4190
133 4153
134 2671
135 3789
136 4404
137 311
138 1013
139 1026
140 1636
141 3780
142 1161
143 142
144 834
145 4562
146 2492
147 198
148 4892
149 3713
150 2264
151 2136
152 1295
153 414
154 3023
155 2630
156 4229
157 3146
158 1204
159 345
160 2430
161 1930
162 4818
163 475
164 3118
165 1661
166 4402
167 329
168 2330
169 1981
170 4880
171 339
172 2978
173 2016
174 4004
175 655
176 4641
177 323
178 2734
179 1927
180 397
181 3935
182 1901
183 3435
184 2086
185 2256
186 3820
187 2819
188 3206
189 3238
190 2404
191 561
192 1683
193 4143
194 4250
195 4904
196 4596
197 485
198 1189
199 889
200 2406
201 620
202 1969
203 1523
204 3718
205 374
206 433
207 2871
208 2179
209 215
210 2145
211 2679
212 155
213 969
214 4121
215 3746
216 2430
217 4742
218 159
219 2884
220 169
221 732
222 1209
223 4502
224 4845
225 1456
226 756
227 1194
228 953
229 2760
230 3166
231 1987
232 2954
233 3774
234 688
235 1341
236 3055
237 2631
238 843
239 2299
240 3481
241 2274
242 3112
243 3044
244 114
245 4612
246 3103
247 3214
248 2674
249 2378
250 4731
251 3869
252 1715
253 2002
254 642
255 1675
256 709
257 2818
258 3303
259 2254
260 1211
261 3042
262 1915
263 1586
264 1091
265 665
266 581
267 3433
268 1570
269 2424
270 3762
271 1858
272 1074
273 1997
274 1024
275 675
276 272
277 1883
278 4718
279 3573
280 1811
281 711
282 1239
283 962
284 4379
285 2205
286 2707
287 4546
288 2856
289 1585
290 4015
291 1421
292 2520
293 2621
294 3016
295 216
296 2975
297 503
298 759
299 2397
300 1593
301 294
302 1082
303 583
304 3716
305 2578
306 1207
307 3987
308 4267
309 3404
310 855
311 819
312 1881
313 813
314 3104
315 795
316 3057
317 958
318 1058
319 1163
320 2282
321 1316
322 484
323 2879
324 4967
325 4153
326 4920
327 3129
328 1102
329 2513
330 2746
331 1411
332 3630
333 3368
334 1043
335 3808
336 1996
337 4028
338 2493
339 2899
340 1104
341 4235
342 4949
343 2736
344 136
345 4291
346 4831
347 4338
348 2578
349 986
350 886
351 721
352 4516
353 2728
354 451
355 2499
356 4965
357 3083
358 4214
359 855
360 710
361 252
362 4068
363 586
364 895
365 807
366 3987
367 341
368 3379
369 3211
370 4697
371 2111
372 1194
373 159
374 4770
375 2172
376 3186
377 1827
378 3208
379 1844
380 2490
381 3996
382 2738
383 2129
384 4247
385 1955
386 1312
387 171
388 1683
389 3530
390 804
391 670
392 1011
393 3058
394 2185
395 602
396 730
397 2164
398 433
399 3177
400 1794
401 414
402 1956
403 4093
404 1428
405 138
406 126
407 1401
408 1925
409 3612
410 837
411 3516
412 4143
413 3035
414 859
415 3491
416 3265
417 2330
418 4456
419 420
420 1631
421 3818
422 4171
423 4408
424 3304
425 815
426 1724
427 2763
428 3218
429 4386
430 4575
431 3390
432 4467
433 2814
434 2067
435 4736
436 4014
437 634
438 645
439 2327
440 2354
441 2666
442 2437
443 4802
444 2788
445 3748
446 1722
447 3793
448 1231
449 3297
450 1766
451 711
452 2427
453 1900
454 2327
455 2117
456 513
457 449
458 4865
459 645
460 2957
461 1642
462 1214
463 2381
464 3018
465 1720
466 402
467 1248
468 3949
469 4545
470 1291
471 4333
472 359
473 4310
474 2859
475 1869
476 2984
477 1415
478 3845
479 1040
480 3866
481 3656
482 3885
483 1408
484 1048
485 231
486 4691
487 4961
488 2138
489 780
490 1406
491 2724
492 363
493 3884
494 2886
495 2485
496 1882
497 3300
498 3813
499 3451
500 4638
501 2595
502 3384
503 3829
504 4345
505 3350
506 3761
507 904
508 4792
509 1988
510 793
511 2205
512 2714
513 257
514 3397
515 374
516 4547
517 924
518 2892
519 3327
520 2165
521 4310
522 543
523 4671
524 3512
525 480
526 3916
527 1726
528 233
529 1840
530 4643
531 1972
532 2395
533 1840
534 748
535 1063
536 1922
537 1102
538 2906
539 2119
540 3953
541 3481
542 1783
543 962
544 3824
545 3972
546 3818
547 2134
548 3572
549 1249
550 297
551 2563
552 4404
553 229
554 1221
555 3520
556 1031
557 2101
558 613
559 3355
560 3694
561 2845
562 4900
563 204
564 3009
565 1121
566 3921
567 3291
568 3286
569 3825
570 4029
571 2111
572 3663
573 4201
574 186
575 882
576 4128
577 340
578 2657
579 3053
580 4480
581 1639
582 3870
583 1050
584 3485
585 2087
586 4053
587 4028
588 4166
589 1261
590 4680
591 4192
592 2876
593 2161
594 2820
595 1084
596 2680
597 2857
598 2708
599 3850
600 849
601 4584
602 420
603 1180
604 3701
605 3308
606 4479
607 289
608 542
609 2161
610 1621
611 986
612 1435
613 1180
614 3529
615 1156
616 3896
617 3348
618 4222
619 3510
620 1859
621 444
622 2002
623 3163
624 1920
625 1532
626 1180
627 458
628 2574
629 1707
630 346
631 279
632 4802
633 483
634 4965
635 2259
636 1284
637 3152
638 1
639 1896
640 4299
641 1877
642 2811
643 3813
644 3025
645 1193
646 3846
647 1160
648 4884
649 1565
650 4169
651 4748
652 2297
653 4568
654 336
655 1360
656 3951
657 2822
658 4877
659 3502
660 3356
661 2106
662 1191
663 3344
664 2473
665 2074
666 123
667 2188
668 1695
669 1371
670 1569
671 4010
672 1994
673 4423
674 1549
675 395
676 422
677 4602
678 2272
679 4677
680 335
681 3153
682 4120
683 3949
684 1249
685 4913
686 1902
687 884
688 4731
689 3493
690 4782
691 4344
692 561
693 2712
694 4175
695 532
696 2289
697 3317
698 483
699 4678
700 4527
701 4501
702 2436
703 92
704 318
705 1834
706 3851
707 4022
708 2165
709 2661
710 288
711 502
712 1436
713 2695
714 2052
715 471
716 1863
717 2447
718 3276
719 1946
720 1433
721 2066
722 473
723 419
724 399
725 2737
726 213
727 1535
728 494
729 1227
730 4046
731 448
732 2083
733 89
734 4400
735 2169
736 2523
737 1141
738 2178
739 3739
740 4723
741 398
742 3028
743 2870
744 2920
745 636
746 1740
747 2648
748 321
749 2849
750 4646
751 1699
752 1901
753 935
754 144
755 2706
756 4316
757 2878
758 2736
759 3896
760 3174
761 1699
762 3757
763 603
764 599
765 46
766 2268
767 1257
768 2363
769 2317
770 2577
771 1390
772 1201
773 2334
774 548
775 257
776 3556
777 3413
778 1130
779 3486
780 3454
781 4144
782 4952
783 2526
784 3248
785 4122
786 917
787 4870
788 2545
789 2577
790 461
791 4617
792 789
793 1931
794 4227
795 2890
796 3402
797 1218
798 1786
799 3986
800 2782
801 4010
802 2472
803 2418
804 947
805 2224
806 2666
807 4985
808 1811
809 2993
810 554
811 1191
812 716
813 3186
814 4759
815 1405
816 140
817 1967
818 2339
819 2908
820 3543
821 4999
822 1712
823 3192
824 4088
825 3536
826 4911
827 1931
828 3248
829 1633
830 2670
831 33
832 979
833 1722
834 660
835 1384
836 2635
837 3351
838 2623
839 3219
840 4078
841 3254
842 2231
843 2879
844 3218
845 2419
846 63
847 155
848 942
849 3053
850 530
851 4041
852 1565
853 2149
854 1027
855 4974
856 4684
857 1685
858 1875
859 237
860 4925
861 2982
862 3258
863 1920
864 4513
865 4934
866 3968
867 4566
868 4728
869 2554
870 170
871 1228
872 4931
873 4905
874 4162
875 4950
876 4884
877 2313
878 1025
879 2334
880 661
881 3732
882 4385
883 3432
884 4464
885 3659
886 707
887 1059
888 4642
889 4087
890 4561
891 3492
892 1364
893 3312
894 4979
895 4594
896 2394
897 3209
898 2802
899 3865
900 452
901 2433
902 2879
903 321
904 3073
905 4994
906 1194
907 4245
908 2119
909 3501
910 1495
911 2372
912 978
913 4486
914 2457
915 2349
916 1529
917 2327
918 4069
919 2743
920 1153
921 4775
922 591
923 625
924 507
925 702
926 1413
927 4301
928 2034
929 1634
930 1307
931 758
932 4100
933 2407
934 3806
935 3482
936 1067
937 2443
938 1011
939 1007
940 2091
941 508
942 4590
943 648
944 956
945 2584
946 4269
947 2150
948 2831
949 2941
950 3866
951 4779
952 4300
953 40
954 1748
955 364
956 1683
957 396
958 1938
959 4754
960 3973
961 1150
962 4813
963 3200
964 4254
965 670
966 2317
967 1305
968 58
969 190
970 2135
971 2466
972 2027
973 4597
974 503
975 3413
976 4144
977 728
978 3852
979 3575
980 4650
981 4165
982 681
983 3829
984 4746
985 1780
986 2379
987 1827
988 3072
989 4305
990 1261
991 602
992 2447
993 1308
994 1527
995 4848
996 608
997 2392
998 4566
999 2440
1000 800
1001 2291
1002 559
1003 837
1004 1657
1005 1408
1006 3432
1007 2805
1008 579
1009 4792
1010 3085
1011 2671
1012 4123
1013 1716
1014 2399
1015 2013
1016 2610
1017 1031
1018 4370
1019 4442
1020 526
1021 1174
1022 4795
1023 3557
1024 4297
1025 3489
1026 2770
1027 916
1028 799
1029 4462
1030 649
1031 4611
1032 2341
1033 2975
1034 4211
1035 4576
1036 2818
1037 4608
1038 4007
1039 2860
1040 3442
1041 828
1042 4221
1043 1719
1044 2351
1045 610
1046 3450
1047 3425
1048 3588
1049 1249
1050 3184
1051 3137
1052 1204
1053 1555
1054 4551
1055 3489
1056 1037
1057 2934
1058 2183
1059 2103
1060 3471
1061 949
1062 42
1063 1454
1064 4061
1065 1711
1066 458
1067 2265
1068 4043
1069 27
1070 834
1071 4370
1072 103
1073 3326
1074 2175
1075 4465
1076 1340
1077 2954
1078 1414
1079 4178
1080 2314
1081 4938
1082 3134
1083 772
1084 703
1085 1242
1086 4087
1087 4014
1088 2860
1089 3197
1090 1389
1091 97
1092 3214
1093 757
1094 1965
1095 3985
1096 3269
1097 4283
1098 4567
1099 3434
1100 2753
1101 4902
1102 1050
1103 783
1104 4635
1105 4671
1106 2506
1107 1660
1108 3183
1109 1223
1110 758
1111 522
1112 207
1113 3006
1114 1947
1115 3349
1116 1409
1117 301
1118 3803
1119 2056
1120 4562
1121 296
1122 958
1123 1857
1124 4936
1125 2400
1126 3591
1127 4643
1128 3688
1129 4368
1130 2261
1131 3597
1132 4784
1133 2200
1134 767
1135 3067
1136 3550
1137 3545
1138 2034
1139 4509
1140 194
1141 144
1142 4375
1143 2362
1144 1521
1145 1670
1146 3697
1147 1771
1148 1176
1149 76
1150 2116
1151 3721
1152 3313
1153 1443
1154 393
1155 1702
1156 1967
1157 1307
1158 1957
1159 2520
1160 1642
1161 1557
1162 4252
1163 3784
1164 501
1165 3198
1166 1191
1167 4010
1168 1231
1169 942
1170 3518
1171 1634
1172 2878
1173 3694
1174 2112
1175 3204
1176 4655
1177 1152
1178 1554
1179 3740
1180 3472
1181 1197
1182 3724
1183 1703
1184 4482
1185 905
1186 2439
1187 4377
1188 4371
1189 3389
1190 3311
1191 535
1192 3263
1193 2285
1194 1153
1195 4058
1196 2097
1197 3827
1198 3814
1199 758
1200 425
1201 697
1202 1876
1203 3717
1204 4500
1205 2030
1206 3381
1207 2205
1208 4635
1209 4687
1210 2328
1211 3328
1212 4698
1213 1176
1214 492
1215 3386
1216 4231
1217 955
1218 458
1219 1910
1220 836
1221 4517
1222 4871
1223 3009
1224 4189
1225 318
1226 504
1227 3963
1228 3086
1229 1635
1230 4041
1231 3041
1232 4067
1233 4509
1234 2869
1235 4058
1236 1857
1237 3430
1238 4708
1239 619
1240 3511
1241 564
1242 3049
1243 3953
1244 1437
1245 944
1246 3467
1247 3604
1248 1447
1249 1996
1250 1215
1251 3294
1252 934
1253 2791
1254 3861
1255 41
1256 1183
1257 832
1258 4784
1259 4248
1260 1117
1261 4893
1262 4847
1263 922
1264 1548
1265 2412
1266 3853
1267 3724
1268 2070
1269 2979
1270 66
1271 2248
1272 2210
1273 4269
1274 3511
1275 4425
1276 4158
1277 1649
1278 3641
1279 4366
1280 3177
1281 141
1282 236
1283 3645
1284 1616
1285 4440
1286 110
1287 3001
1288 1806
1289 170
1290 3668
1291 2226
1292 2094
1293 4150
1294 1740
1295 799
1296 345
1297 3606
1298 105
1299 184
1300 481
1301 2
1302 2618
1303 3286
1304 584
1305 4734
1306 1557
1307 1703
1308 2027
1309 3537
1310 200
1311 4126
1312 2359
1313 928
1314 3733
1315 1261
1316 2363
1317 339
1318 4023
1319 3255
1320 812
1321 3607
1322 2133
1323 3161
1324 186
1325 1204
1326 472
1327 3242
1328 2013
1329 3576
1330 2201
1331 2202
1332 85
1333 4089
1334 3357
1335 4248
1336 4965
1337 2625
1338 1629
1339 1422
1340 1756
1341 3370
1342 4543
1343 4051
1344 4086
1345 2629
1346 866
1347 458
1348 1100
1349 1496
1350 937
1351 3474
1352 4520
1353 3522
1354 4826
1355 1668
1356 1916
1357 1758
1358 962
1359 2849
1360 3910
1361 1967
1362 2346
1363 2913
1364 181
1365 4254
1366 4563
1367 2614
1368 2049
1369 2317
1370 516
1371 54
1372 1922
1373 1749
1374 3126
1375 4235
1376 3182
1377 874
1378 2416
1379 2826
1380 4902
1381 2414
1382 3754
1383 1426
1384 1021
1385 164
1386 3660
1387 4427
1388 4809
1389 3134
1390 3421
1391 163
1392 4809
1393 2768
1394 1506
1395 3116
1396 2279
1397 1000
1398 2452
1399 1530
1400 1214
1401 840
1402 3919
1403 3397
1404 3466
1405 4473
1406 1658
1407 3377
1408 2523
1409 2945
1410 2791
1411 230
1412 3373
1413 670
1414 3641
1415 2978
1416 3698
1417 2528
1418 4626
1419 19
1420 3652
1421 1496
1422 1197
1423 1842
1424 1976
1425 2167
1426 2845
1427 2518
1428 4015
1429 1555
1430 16
1431 3547
1432 3221
1433 312
1434 4431
1435 1296
1436 1169
1437 365
1438 1636
1439 1225
1440 4798
1441 2217
1442 3909
1443 3580
1444 4858
1445 2214
1446 163
1447 4018
1448 2420
1449 650
1450 1668
1451 3983
1452 3254
1453 3738
1454 1355
1455 3429
1456 1253
1457 4655
1458 4297
1459 776
1460 3569
1461 2966
1462 1741
1463 3456
1464 2484
1465 4347
1466 3839
1467 1173
1468 458
1469 749
1470 1135
1471 3511
1472 586
1473 260
1474 2923
1475 4386
1476 2256
1477 2048
1478 4551
1479 2543
1480 3961
1481 3488
1482 3728
1483 2225
1484 3506
1485 4386
1486 4996
1487 4807
1488 2285
1489 4394
1490 3495
1491 2715
1492 3300
1493 1340
1494 109
1495 2286
1496 4241
1497 1493
1498 4237
1499 1027
1500 555
1501 1612
1502 2973
1503 1033
1504 1899
1505 892
1506 632
1507 638
1508 1804
1509 1220
1510 2908
1511 4684
1512 1884
1513 2719
1514 4005
1515 481
1516 299
1517 3412
1518 1446
1519 3268
1520 1841
1521 3664
1522 3711
1523 2983
1524 2470
1525 4722
1526 3629
1527 695
1528 1687
1529 3530
1530 1345
1531 1009
1532 2004
1533 4901
1534 1407
1535 112
1536 2087
1537 2681
1538 4137
1539 2804
1540 829
1541 1291
1542 3486
1543 2998
1544 1901
1545 694
1546 1581
1547 151
1548 443
1549 2989
1550 2256
1551 1642
1552 3085
1553 4771
1554 3297
1555 3020
1556 4215
1557 404
1558 4877
1559 4071
1560 2678
1561 4788
1562 4754
1563 2076
1564 497
1565 786
1566 4871
1567 2936
1568 279
1569 2946
1570 1605
1571 4374
1572 2338
1573 4142
1574 3244
1575 4881
1576 1700
1577 2590
1578 1129
1579 1772
1580 2933
1581 2676
1582 1566
1583 1672
1584 4020
1585 3274
1586 845
1587 2440
1588 3468
1589 4318
1590 1232
1591 4481
1592 3289
1593 4551
1594 761
1595 3151
1596 1317
1597 3571
1598 738
1599 1554
1600 1767
1601 1356
1602 1529
1603 3765
1604 1998
1605 3006
1606 4531
1607 4783
1608 3986
1609 3827
1610 2168
1611 1793
1612 147
1613 4594
1614 3916
1615 3019
1616 3177
1617 2284
1618 1165
1619 4229
1620 2568
1621 2017
1622 3573
1623 1637
1624 158
1625 4762
1626 4686
1627 2882
1628 2668
1629 3534
1630 3516
1631 3644
1632 47
1633 4895
1634 4467
1635 380
1636 3313
1637 4519
1638 2581
1639 4271
1640 1623
1641 3850
1642 1019
1643 1328
1644 1911
1645 257
1646 4572
1647 4349
1648 142
1649 4008
1650 4658
1651 2323
1652 3078
1653 1316
1654 2568
1655 2986
1656 987
1657 2569
1658 1170
1659 4657
1660 4240
1661 1143
1662 2292
1663 2963
1664 4869
1665 4848
1666 62
1667 1654
1668 2671
1669 518
1670 3018
1671 3933
1672 2640
1673 1125
1674 2145
1675 193
1676 1707
1677 4899
1678 2422
1679 728
1680 120
1681 4091
1682 6
1683 2289
1684 677
1685 3741
1686 3763
1687 4636
1688 1711
1689 4932
1690 3319
1691 3326
1692 4915
1693 890
1694 839
1695 3379
1696 3961
1697 1589
1698 4297
1699 2367
1700 4960
1701 1627
1702 1797
1703 485
1704 3337
1705 2402
1706 4345
1707 2608
1708 915
1709 741
1710 3778
1711 1191
1712 4110
1713 652
1714 3472
1715 3368
1716 1262
1717 2002
1718 2269
1719 1207
1720 112
1721 3111
1722 4681
1723 4604
1724 1166
1725 4144
1726 2329
1727 1766
1728 28
1729 1957
1730 4186
1731 1205
1732 4779
1733 4785
1734 2408
1735 921
1736 2162
1737 1297
1738 3691
1739 2326
1740 1767
1741 2426
1742 3140
1743 2326
1744 405
1745 3447
1746 1900
1747 405
1748 1848
1749 1158
1750 3453
1751 1442
1752 412
1753 3041
1754 1150
1755 2290
1756 1774
1757 3922
1758 2101
1759 4974
1760 673
1761 4073
1762 1651
1763 549
1764 2545
1765 2297
1766 2858
1767 3328
1768 1992
1769 67
1770 708
1771 1204
1772 944
1773 4806
1774 2823
1775 2428
1776 4671
1777 4023
1778 3891
1779 1435
1780 1080
1781 1302
1782 2060
1783 3684
1784 3416
1785 893
1786 2936
1787 670
1788 2671
1789 3789
1790 3692
1791 150
1792 3315
1793 63
1794 3570
1795 3446
1796 4295
1797 2011
1798 3878
1799 1981
1800 2279
1801 2612
1802 311
1803 1839
1804 652
1805 315
1806 175
1807 4155
1808 4869
1809 156
1810 3734
1811 3496
1812 2375
1813 313
1814 1722
1815 123
1816 4621
1817 4427
1818 1744
1819 3024
1820 497
1821 4515
1822 4667
1823 4147
1824 2675
1825 3724
1826 911
1827 702
1828 3302
1829 2871
1830 4628
1831 912
1832 680
1833 3757
1834 4640
1835 4512
1836 4295
1837 2963
1838 3774
1839 4427
1840 2260
1841 4945
1842 97
1843 4177
1844 1290
1845 2309
1846 4789
1847 3764
1848 2758
1849 4552
1850 1944
1851 3873
1852 2204
1853 3742
1854 481
1855 1757
1856 3323
1857 2299
1858 762
1859 4204
1860 2160
1861 726
1862 168
1863 161
1864 4201
1865 4201
1866 4307
1867 1085
1868 1315
1869 2089
1870 107
1871 1868
1872 2378
1873 2633
1874 1591
1875 27
1876 3871
1877 1153
1878 2545
1879 4028
1880 744
1881 3574
1882 3375
1883 4374
1884 1371
1885 1092
1886 550
1887 2314
1888 234
1889 972
1890 1250
1891 3771
1892 3429
1893 2934
1894 2089
1895 2692
1896 3099
1897 1747
1898 2073
1899 4255
1900 1648
1901 2177
1902 532
1903 374
1904 2436
1905 1065
1906 1869
1907 4294
1908 1968
1909 224
1910 2264
1911 3204
1912 3404
1913 4420
1914 3203
1915 4300
1916 4772
1917 4450
1918 1971
1919 568
1920 1753
1921 4933
1922 1911
1923 380
1924 3022
1925 3936
1926 4368
1927 3162
1928 1816
1929 2370
1930 4568
1931 3299
1932 4386
1933 3869
1934 1079
1935 4673
1936 43
1937 1899
1938 4107
1939 2961
1940 2710
1941 398
1942 4781
1943 3825
1944 2956
1945 3995
1946 319
1947 2313
1948 2376
1949 4797
1950 3395
1951 197
1952 1820
1953 2880
1954 2710
1955 1903
1956 2153
1957 4795
1958 930
1959 3943
1960 4328
1961 2010
1962 2343
1963 362
1964 1550
1965 3555
1966 3122
1967 4143
1968 316
1969 2802
1970 1583
1971 2857
1972 3102
1973 24
1974 618
1975 2751
1976 4540
1977 646
1978 4987
1979 2569
1980 3686
1981 636
1982 785
1983 461
1984 3919
1985 1821
1986 4556
1987 3934
1988 3614
1989 3070
1990 3029
1991 858
1992 3360
1993 3698
1994 2008
1995 2256
1996 4459
1997 302
1998 3063
1999 4948
2000 2302
2001 3368
2002 2673
2003 4163
2004 2544
2005 1893
2006 2113
2007 1255
2008 4542
2009 1986
2010 399
2011 3041
2012 2305
2013 2405
2014 1804
2015 1776
2016 278
2017 660
2018 67
2019 3210
2020 971
2021 776
2022 2385
2023 115
2024 2507
2025 3438
2026 2100
2027 2420
2028 1306
2029 1211
2030 2829
2031 3087
2032 3274
2033 4613
2034 3254
2035 3753
2036 526
2037 1868
2038 2103
2039 3740
2040 2987
2041 4371
2042 2486
2043 4715
2044 4810
2045 1666
2046 4293
2047 2088
2048 644
2049 4996
2050 1642
2051 4346
2052 4401
2053 4775
2054 3374
2055 4421
2056 2712
2057 1930
2058 3572
2059 4001
2060 1173
2061 267
2062 907
2063 934
2064 4877
2065 4256
2066 4036
2067 1233
2068 3425
2069 2996
2070 2259
2071 1726
2072 1612
2073 44
2074 3386
2075 2256
2076 587
2077 947
2078 4067
2079 2085
2080 3568
2081 1547
2082 2941
2083 3368
2084 482
2085 3839
2086 1183
2087 2925
2088 1049
2089 2708
2090 3126
2091 4085
2092 1732
2093 905
2094 3946
2095 4117
2096 4596
2097 1618
2098 850
2099 2590
2100 2618
2101 4075
2102 2886
2103 1891
2104 3148
2105 1563
2106 2545
2107 4331
2108 946
2109 1822
2110 3448
2111 1474
2112 3984
2113 4146
2114 820
2115 1507
2116 2867
2117 4167
2118 4008
2119 309
2120 4364
2121 2265
2122 1449
2123 678
2124 1534
2125 3792
2126 3842
2127 2350
2128 1008
2129 2782
2130 3228
2131 353
2132 1434
2133 333
2134 2565
2135 1535
2136 2099
2137 1526
2138 4293
2139 681
2140 2842
2141 1276
2142 2463
2143 4533
2144 1558
2145 555
2146 266
2147 4728
2148 1370
2149 983
2150 4597
2151 3995
2152 3420
2153 480
2154 1519
2155 3421
2156 4120
2157 947
2158 4737
2159 3057
2160 4085
2161 2807
2162 2842
2163 4799
2164 1333
2165 4058
2166 4735
2167 4445
2168 2362
2169 2924
2170 4547
2171 1574
2172 1326
2173 1452
2174 1300
2175 4185
2176 4385
2177 1988
2178 805
2179 2626
2180 4451
2181 837
2182 4000
2183 4490
2184 4562
2185 505
2186 398
2187 3808
2188 1071
2189 2211
2190 3948
2191 4548
2192 175
2193 403
2194 525
2195 4289
2196 2247
2197 3229
2198 944
2199 26
2200 1027
2201 3048
2202 294
2203 3831
2204 2199
2205 2457
2206 2709
2207 2630
2208 4359
2209 4617
2210 3115
2211 4907
2212 3502
2213 4728
2214 995
2215 2747
2216 4012
2217 4563
2218 571
2219 2943
2220 2373
2221 1402
2222 922
2223 2601
2224 753
2225 1977
2226 441
2227 4100
2228 1103
2229 2211
2230 2545
2231 4423
2232 1364
2233 781
2234 2751
2235 1433
2236 2334
2237 2298
2238 362
2239 491
2240 2595
2241 2655
2242 847
2243 3748
2244 685
2245 259
2246 2664
2247 279
2248 4478
2249 339
2250 875
2251 3627
2252 773
2253 1698
2254 2146
2255 3014
2256 4858
2257 4959
2258 2358
2259 910
2260 1903
2261 4950
2262 2303
2263 3113
2264 1862
2265 390
2266 3502
2267 4229
2268 3818
2269 4669
2270 2673
2271 3774
2272 4547
2273 2004
2274 2247
2275 3781
2276 2928
2277 39
2278 4427
2279 1527
2280 1217
2281 1338
2282 999
2283 4354
2284 867
2285 841
2286 4432
2287 1967
2288 2745
2289 4238
2290 4487
2291 770
2292 3329
2293 3267
2294 126
2295 3509
2296 2869
2297 2474
2298 1186
2299 4689
2300 2037
2301 4017
2302 1275
2303 2969
2304 4793
2305 341
2306 951
2307 2628
2308 4871
2309 4781
2310 2877
2311 3631
2312 2439
2313 3181
2314 4677
2315 2697
2316 1535
2317 4201
2318 2237
2319 229
2320 196
2321 2926
2322 2554
2323 3664
2324 2275
2325 3450
2326 2512
2327 3465
2328 3226
2329 3468
2330 3308
2331 2830
2332 1772
2333 1815
2334 4992
2335 4373
2336 1473
2337 482
2338 1468
2339 3832
2340 3799
2341 1215
2342 4647
2343 532
2344 3998
2345 481
2346 4099
2347 1216
2348 2378
2349 158
2350 2678
2351 3570
2352 3569
2353 2698
2354 3267
2355 192
2356 4150
2357 2223
2358 114
2359 4204
2360 3245
2361 4936
2362 752
2363 144
2364 4556
2365 2703
2366 2626
2367 2039
2368 3493
2369 4617
2370 4010
2371 1031
2372 2663
2373 4579
2374 277
2375 1174
2376 1937
2377 4660
2378 322
2379 2256
2380 2836
2381 1051
2382 1461
2383 2339
2384 274
2385 2322
2386 4627
2387 4832
2388 272
2389 3774
2390 3524
2391 1198
2392 4454
2393 4677
2394 3786
2395 3411
2396 2476
2397 627
2398 177
2399 1772
2400 2359
2401 1063
2402 1957
2403 4377
2404 2415
2405 1046
2406 1437
2407 1075
2408 3218
2409 1267
2410 2481
2411 680
2412 2452
2413 2360
2414 634
2415 4486
2416 2549
2417 993
2418 2975
2419 1940
2420 902
2421 760
2422 776
2423 1477
2424 1288
2425 1570
2426 4032
2427 3171
2428 4985
2429 3028
2430 167
2431 2237
2432 1638
2433 558
2434 2693
2435 3372
2436 1946
2437 917
2438 2824
2439 279
2440 1756
2441 982
2442 651
2443 4972
2444 413
2445 4011
2446 1854
2447 3534
2448 709
2449 2448
2450 3129
2451 4429
2452 974
2453 3018
2454 2157
2455 1271
2456 2878
2457 4095
2458 102
2459 2932
2460 1204
2461 1728
2462 1988
2463 3813
2464 3023
2465 2004
2466 551
2467 2103
2468 854
2469 1144
2470 2363
2471 1488
2472 3107
2473 4815
2474 4462
2475 2337
2476 1206
2477 610
2478 2274
2479 2686
2480 4513
2481 1899
2482 2679
2483 4122
2484 859
2485 4353
2486 4564
2487 3029
2488 2224
2489 4558
2490 3586
2491 1936
2492 4441
2493 1540
2494 1733
2495 1726
2496 870
2497 4285
2498 2124
2499 2057
2500 4879
2501 618
2502 4120
2503 2158
2504 2693
2505 1939
2506 4515
2507 674
2508 4123
2509 3395
2510 195
2511 3839
2512 2217
2513 4533
2514 4340
2515 3948
2516 1846
2517 26
2518 1407
2519 4777
2520 1238
2521 86
2522 3222
2523 2426
2524 937
2525 3243
2526 2925
2527 3368
2528 3022
2529 4854
2530 3506
2531 2775
2532 2655
2533 4309
2534 3265
2535 3802
2536 4688
2537 1800
2538 3734
2539 2610
2540 3340
2541 207
2542 2919
2543 2431
2544 2163
2545 4815
2546 1686
2547 2639
2548 3870
2549 2481
2550 2975
2551 3534
2552 1035
2553 1702
2554 1243
2555 323
2556 3390
2557 963
2558 799
2559 4171
2560 4014
2561 4867
2562 1190
2563 2713
2564 2982
2565 941
2566 4442
2567 4588
2568 1382
2569 2931
2570 4208
2571 2601
2572 2234
2573 547
2574 2457
2575 3149
2576 2118
2577 1820
2578 1784
2579 4412
2580 2318
2581 3287
2582 4502
2583 1116
2584 2131
2585 701
2586 3492
2587 1542
2588 4935
2589 2522
2590 1636
2591 3666
2592 858
2593 3740
2594 4116
2595 309
2596 1760
2597 2676
2598 2374
2599 2906
2600 3438
2601 3805
2602 1749
2603 2456
2604 62
2605 2143
2606 2878
2607 3898
2608 4297
2609 703
2610 1232
2611 2523
2612 2782
2613 943
2614 3804
2615 1573
2616 1798
2617 591
2618 3686
2619 1434
2620 3285
2621 2118
2622 1871
2623 1444
2624 3939
2625 154
2626 1069
2627 2043
2628 4582
2629 3428
2630 1316
2631 3871
2632 1739
2633 3974
2634 4146
2635 1191
2636 362
2637 2604
2638 392
2639 1546
2640 261
2641 2204
2642 1669
2643 2086
2644 3520
2645 1688
2646 3241
2647 2195
2648 3312
2649 1480
2650 4542
2651 3306
2652 467
2653 44
2654 4532
2655 4073
2656 3338
2657 1046
2658 1162
2659 1863
2660 852
2661 1245
2662 3826
2663 4758
2664 3099
2665 4384
2666 755
2667 230
2668 3796
2669 2621
2670 4750
2671 4167
2672 505
2673 520
2674 1078
2675 3226
2676 309
2677 4208
2678 57
2679 1707
2680 4668
2681 1499
2682 3469
2683 3916
2684 2954
2685 3180
2686 1074
2687 2039
2688 3655
2689 2276
2690 2321
2691 4624
2692 2512
2693 3184
2694 454
2695 1984
2696 400
2697 805
2698 95
2699 2563
2700 4668
2701 2114
2702 2425
2703 1606
2704 4586
2705 312
2706 3615
2707 1070
2708 2256
2709 903
2710 271
2711 3982
2712 3490
2713 3869
2714 890
2715 3252
2716 560
2717 905
2718 155
2719 3012
2720 706
2721 2327
2722 140
2723 1300
2724 3450
2725 4739
2726 3816
2727 3378
2728 2277
2729 3190
2730 3102
2731 4495
2732 3334
2733 3325
2734 3148
2735 886
2736 2395
2737 2017
2738 2408
2739 3973
2740 1922
2741 3855
2742 2952
2743 693
2744 4515
2745 3729
2746 1924
2747 563
2748 295
2749 3621
2750 4107
2751 473
2752 4352
2753 1498
2754 546
2755 4364
2756 868
2757 885
2758 151
2759 506
2760 159
2761 3566
2762 2897
2763 2777
2764 71
2765 456
2766 4550
2767 1717
2768 2746
2769 4833
2770 1943
2771 1269
2772 4789
2773 2553
2774 3874
2775 3520
2776 1944
2777 2519
2778 2398
2779 2545
2780 1972
2781 2607
2782 4462
2783 3295
2784 2473
2785 2637
2786 3644
2787 1920
2788 1620
2789 3684
2790 3046
2791 1624
2792 8
2793 1986
2794 4544
2795 3960
2796 4644
2797 2301
2798 2813
2799 628
2800 1984
2801 462
2802 4773
2803 1132
2804 3299
2805 4633
2806 3901
2807 895
2808 1686
2809 4467
2810 265
2811 1113
2812 2144
2813 3917
2814 3898
2815 2899
2816 1815
2817 319
2818 4443
2819 3682
2820 3793
2821 779
2822 4680
2823 3398
2824 2569
2825 4294
2826 4960
2827 4617
2828 4819
2829 3970
2830 709
2831 3014
2832 769
2833 1886
2834 1462
2835 3147
2836 3802
2837 4294
2838 3004
2839 4662
2840 663
2841 873
2842 405
2843 2367
2844 3199
2845 3701
2846 3002
2847 889
2848 4372
2849 4537
2850 1594
2851 2267
2852 503
2853 2908
2854 752
2855 2164
2856 4446
2857 3148
2858 3032
2859 2509
2860 2635
2861 2446
2862 1766
2863 4713
2864 4459
2865 2214
2866 1954
2867 3950
2868 3456
2869 730
2870 1931
2871 4650
2872 1706
2873 2155
2874 3909
2875 4696
2876 2627
2877 3364
2878 2007
2879 4641
2880 4448
2881 945
2882 4093
2883 3242
2884 3999
2885 1270
2886 2174
2887 4326
2888 2349
2889 2692
2890 3926
2891 4414
2892 4661
2893 4011
2894 906
2895 3322
2896 1447
2897 4316
2898 819
2899 4856
2900 1790
2901 4557
2902 4180
2903 1476
2904 3947
2905 870
2906 3174
2907 986
2908 779
2909 917
2910 528
2911 4213
2912 3258
2913 956
2914 3849
2915 4525
2916 1816
2917 1024
2918 4740
2919 3895
2920 4858
2921 2237
2922 3701
2923 4802
2924 216
2925 3219
2926 1510
2927 2152
2928 2129
2929 4869
2930 3871
2931 2285
2932 3301
2933 2478
2934 6
2935 1343
2936 869
2937 600
2938 2522
2939 1545
2940 1323
2941 2191
2942 4184
2943 1404
2944 2760
2945 3818
2946 4835
2947 2858
2948 3134
2949 504
2950 6
2951 2460
2952 3392
2953 3411
2954 1219
2955 4667
2956 841
2957 2069
2958 1056
2959 1342
2960 1437
2961 3985
2962 1127
2963 2972
2964 2136
2965 295
2966 4739
2967 2568
2968 630
2969 1671
2970 3282
2971 4478
2972 1564
2973 352
2974 3688
2975 2170
2976 1084
2977 3625
2978 550
2979 867
2980 2074
2981 2279
2982 3616
2983 3871
2984 3149
2985 3666
2986 3659
2987 4700
2988 4448
2989 2167
2990 3661
2991 3229
2992 3855
2993 1402
2994 165
2995 1271
2996 1838
2997 3479
2998 4413
2999 2285
3000 3425
3001 1668
3002 4994
3003 4160
3004 3851
3005 271
3006 2271
3007 4011
3008 664
3009 4774
3010 216
3011 1604
3012 4243
3013 748
3014 1657
3015 439
3016 4346
3017 620
3018 3434
3019 3974
3020 3098
3021 3854
3022 4314
3023 706
3024 4066
3025 958
3026 2823
3027 413
3028 4917
3029 3808
3030 2807
3031 2842
3032 2178
3033 3334
3034 3229
3035 2797
3036 2152
3037 1515
3038 3744
3039 4940
3040 1671
3041 170
3042 2385
3043 1638
3044 2340
3045 4098
3046 3222
3047 2445
3048 862
3049 3843
3050 1572
3051 1670
3052 4456
3053 1593
3054 2435
3055 926
3056 2909
3057 3768
3058 3588
3059 4875
3060 3426
3061 3729
3062 457
3063 4201
3064 1978
3065 3871
3066 4743
3067 3079
3068 2104
3069 1668
3070 359
3071 1990
3072 4439
3073 818
3074 337
3075 4108
3076 4199
3077 2374
3078 45
3079 94
3080 1534
3081 2853
3082 3276
3083 1768
3084 2439
3085 2636
3086 3138
3087 614
3088 4011
3089 4576
3090 2283
3091 1933
3092 4673
3093 422
3094 4486
3095 4676
3096 4448
3097 3682
3098 1842
3099 2531
3100 2774
3101 4743
3102 1636
3103 4847
3104 930
3105 2880
3106 3782
3107 1204
3108 2474
3109 2910
3110 2015
3111 1545
3112 3125
3113 1632
3114 2706
3115 2803
3116 4650
3117 1542
3118 3160
3119 708
3120 3874
3121 1133
3122 481
3123 4583
3124 3780
3125 2807
3126 4835
3127 1131
3128 3147
3129 2739
3130 2926
3131 1461
3132 3590
3133 1939
3134 4255
3135 1331
3136 1242
3137 898
3138 2858
3139 3548
3140 707
3141 3550
3142 867
3143 512
3144 4204
3145 1779
3146 2231
3147 3268
3148 762
3149 4678
3150 4311
3151 398
3152 3003
3153 3060
3154 3469
3155 2047
3156 4819
3157 4044
3158 1867
3159 1191
3160 2007
3161 2327
3162 2680
3163 2831
3164 2976
3165 4282
3166 3112
3167 5000
3168 3707
3169 4941
3170 128
3171 3780
3172 3346
3173 931
3174 543
3175 1471
3176 2176
3177 3054
3178 77
3179 1387
3180 490
3181 3147
3182 3380
3183 2972
3184 1009
3185 4384
3186 4023
3187 1398
3188 2246
3189 1594
3190 693
3191 1265
3192 6
3193 869
3194 1803
3195 1741
3196 1460
3197 4427
3198 4103
3199 145
3200 4259
3201 3373
3202 1694
3203 4318
3204 3404
3205 4629
3206 2412
3207 3610
3208 3016
3209 3871
3210 2513
3211 1399
3212 3676
3213 3758
3214 271
3215 3851
3216 167
3217 2372
3218 4981
3219 1876
3220 4996
3221 1189
3222 2402
3223 3986
3224 2358
3225 1987
3226 561
3227 4608
3228 910
3229 4930
3230 2305
3231 4346
3232 1506
3233 3421
3234 776
3235 220
3236 3234
3237 3995
3238 1731
3239 4267
3240 502
3241 770
3242 4746
3243 591
3244 1169
3245 4012
3246 1617
3247 62
3248 4211
3249 4124
3250 205
3251 3854
3252 1600
3253 2254
3254 1745
3255 1729
3256 4128
3257 779
3258 1335
3259 881
3260 4741
3261 4567
3262 2700
3263 3313
3264 2719
3265 403
3266 1154
3267 3906
3268 4630
3269 1853
3270 3716
3271 4673
3272 3381
3273 3777
3274 3035
3275 545
3276 1187
3277 1104
3278 2282
3279 3714
3280 815
3281 154
3282 4984
3283 4072
3284 738
3285 3001
3286 3760
3287 3686
3288 799
3289 4954
3290 414
3291 4169
3292 4387
3293 4719
3294 3011
3295 908
3296 342
3297 356
3298 3013
3299 513
3300 3999
3301 4238
3302 2932
3303 3717
3304 3570
3305 1858
3306 1187
3307 2905
3308 2272
3309 1208
3310 2138
3311 4681
3312 906
3313 1444
3314 1651
3315 2248
3316 3756
3317 2866
3318 4441
3319 1843
3320 4453
3321 3713
3322 2473
3323 493
3324 3148
3325 1031
3326 1222
3327 971
3328 3313
3329 2557
3330 3541
3331 4141
3332 1516
3333 1980
3334 426
3335 2102
3336 299
3337 1129
3338 4019
3339 2589
3340 2786
3341 194
3342 1414
3343 2283
3344 443
3345 4525
3346 1408
3347 3929
3348 1767
3349 2800
3350 4879
3351 1864
3352 1023
3353 1453
3354 4252
3355 3756
3356 523
3357 2291
3358 3726
3359 3022
3360 4962
3361 2300
3362 4744
3363 1406
3364 2609
3365 4800
3366 416
3367 881
3368 2945
3369 3544
3370 4998
3371 3693
3372 4977
3373 2212
3374 110
3375 4395
3376 1459
3377 3162
3378 4163
3379 122
3380 1958
3381 2199
3382 4307
3383 1565
3384 4012
3385 3344
3386 2295
3387 4449
3388 654
3389 4954
3390 195
3391 2099
3392 1177
3393 1753
3394 452
3395 4204
3396 2802
3397 3237
3398 2640
3399 3251
3400 21
3401 1316
3402 2033
3403 5000
3404 2350
3405 4032
3406 3085
3407 2415
3408 2272
3409 3137
3410 2813
3411 2247
3412 3423
3413 4066
3414 129
3415 4578
3416 2551
3417 1342
3418 1082
3419 62
3420 4610
3421 2227
3422 3598
3423 2911
3424 4097
3425 4739
3426 2184
3427 3941
3428 3906
3429 1239
3430 2793
3431 2441
3432 3771
3433 2217
3434 4587
3435 2873
3436 1964
3437 1131
3438 2034
3439 3209
3440 3531
3441 1922
3442 1815
3443 2738
3444 944
3445 3802
3446 1984
3447 153
3448 2801
3449 4518
3450 1299
3451 329
3452 4315
3453 2664
3454 4274
3455 3311
3456 1867
3457 296
3458 1050
3459 688
3460 2415
3461 2347
3462 3214
3463 3773
3464 2083
3465 4559
3466 321
3467 3489
3468 4942
3469 4581
3470 4926
3471 4675
3472 3899
3473 3350
3474 3335
3475 1593
3476 2771
3477 4634
3478 1679
3479 4149
3480 138
3481 1500
3482 279
3483 4465
3484 1251
3485 2207
3486 4565
3487 4050
3488 1131
3489 1464
3490 1605
3491 130
3492 1949
3493 425
3494 3437
3495 2888
3496 4412
3497 3874
3498 2259
3499 272
3500 1410
3501 2247
3502 1741
3503 3046
3504 324
3505 2329
3506 1901
3507 808
3508 681
3509 2570
3510 2636
3511 265
3512 4378
3513 794
3514 2591
3515 3632
3516 3944
3517 3267
3518 4009
3519 3587
3520 3096
3521 1558
3522 4077
3523 4121
3524 4763
3525 1628
3526 3612
3527 436
3528 3748
3529 26
3530 1777
3531 1824
3532 1693
3533 347
3534 4276
3535 1090
3536 3419
3537 2029
3538 884
3539 1703
3540 1939
3541 4144
3542 2385
3543 4633
3544 3604
3545 3298
3546 233
3547 2740
3548 1425
3549 4457
3550 4569
3551 2080
3552 4892
3553 3682
3554 672
3555 3369
3556 1504
3557 2231
3558 273
3559 1302
3560 4748
3561 3783
3562 844
3563 4490
3564 4480
3565 4239
3566 2959
3567 932
3568 4518
3569 1576
3570 3968
3571 822
3572 1168
3573 4467
3574 4278
3575 4856
3576 3252
3577 4538
3578 185
3579 4769
3580 2976
3581 4655
3582 4902
3583 3571
3584 4236
3585 1074
3586 3878
3587 4161
3588 2636
3589 3751
3590 1317
3591 1546
3592 4587
3593 4854
3594 3025
3595 3431
3596 3451
3597 4061
3598 2520
3599 4128
3600 2473
3601 599
3602 101
3603 3037
3604 1708
3605 3458
3606 510
3607 1336
3608 3578
3609 994
3610 3475
3611 3605
3612 1618
3613 3578
3614 4503
3615 662
3616 3393
3617 2791
3618 2791
3619 1095
3620 1112
3621 3925
3622 587
3623 907
3624 3084
3625 3260
3626 2327
3627 3950
3628 94
3629 2913
3630 4293
3631 3213
3632 2488
3633 27
3634 4665
3635 1624
3636 2617
3637 528
3638 1998
3639 298
3640 2221
3641 2512
3642 1573
3643 2309
3644 3717
3645 458
3646 1903
3647 752
3648 4975
3649 2136
3650 137
3651 897
3652 2670
3653 2823
3654 4519
3655 4650
3656 4541
3657 818
3658 2398
3659 3591
3660 3501
3661 2204
3662 3728
3663 122
3664 4321
3665 2922
3666 4389
3667 2377
3668 4671
3669 2205
3670 3671
3671 960
3672 2675
3673 748
3674 4641
3675 1958
3676 4694
3677 3888
3678 2832
3679 2300
3680 726
3681 3109
3682 4688
3683 216
3684 1043
3685 1229
3686 3882
3687 261
3688 2471
3689 635
3690 3126
3691 899
3692 1340
3693 2925
3694 998
3695 1857
3696 2502
3697 3224
3698 318
3699 3508
3700 2270
3701 4084
3702 96
3703 1392
3704 3644
3705 3575
3706 403
3707 423
3708 1841
3709 3483
3710 1631
3711 762
3712 791
3713 198
3714 4557
3715 4176
3716 1374
3717 1833
3718 4327
3719 4605
3720 1162
3721 922
3722 4429
3723 1445
3724 4084
3725 2096
3726 509
3727 3038
3728 3419
3729 3941
3730 709
3731 964
3732 2111
3733 4846
3734 952
3735 28
3736 3000
3737 2819
3738 2895
3739 1668
3740 2635
3741 645
3742 3334
3743 1699
3744 2983
3745 1139
3746 1901
3747 4408
3748 3414
3749 2423
3750 3348
3751 1077
3752 1383
3753 4648
3754 3552
3755 3654
3756 3023
3757 3900
3758 2661
3759 296
3760 910
3761 2410
3762 1468
3763 2528
3764 3979
3765 4226
3766 4633
3767 4951
3768 1353
3769 375
3770 2787
3771 621
3772 1787
3773 4150
3774 1699
3775 177
3776 4937
3777 2742
3778 186
3779 3342
3780 3555
3781 3109
3782 745
3783 3774
3784 1169
3785 4874
3786 949
3787 544
3788 438
3789 3303
3790 2132
3791 3583
3792 3296
3793 303
3794 1268
3795 144
3796 2568
3797 4444
3798 3538
3799 4352
3800 3492
3801 4533
3802 1137
3803 779
3804 3963
3805 2343
3806 754
3807 2272
3808 3362
3809 4865
3810 4629
3811 4535
3812 2728
3813 1884
3814 2666
3815 359
3816 1599
3817 1028
3818 3089
3819 4965
3820 1070
3821 3124
3822 4964
3823 2992
3824 2551
3825 1513
3826 1840
3827 2444
3828 2454
3829 504
3830 2965
3831 1263
3832 9
3833 3719
3834 4632
3835 2899
3836 1537
3837 1468
3838 4928
3839 4832
3840 776
3841 2744
3842 4100
3843 3016
3844 1896
3845 3528
3846 1171
3847 4957
3848 3919
3849 3004
3850 2138
3851 3319
3852 2835
3853 1415
3854 1302
3855 3734
3856 2518
3857 3791
3858 1351
3859 4972
3860 4255
3861 2835
3862 3641
3863 4751
3864 2625
3865 3655
3866 1513
3867 213
3868 4416
3869 1875
3870 3868
3871 3740
3872 2605
3873 1820
3874 3650
3875 2593
3876 2418
3877 3508
3878 1454
3879 2536
3880 557
3881 4394
3882 4540
3883 4814
3884 2002
3885 186
3886 1355
3887 1246
3888 2082
3889 2454
3890 528
3891 2235
3892 2743
3893 4588
3894 1957
3895 3089
3896 1444
3897 2169
3898 1170
3899 1591
3900 4974
3901 1392
3902 2963
3903 514
3904 4364
3905 2597
3906 1208
3907 4216
3908 3272
3909 304
3910 4872
3911 73
3912 2311
3913 550
3914 4317
3915 2161
3916 446
3917 705
3918 506
3919 869
3920 151
3921 2761
3922 3239
3923 4484
3924 2498
3925 1967
3926 4671
3927 1725
3928 3035
3929 3556
3930 4971
3931 3121
3932 1414
3933 1413
3934 4011
3935 1249
3936 309
3937 1499
3938 2860
3939 1401
3940 816
3941 3241
3942 1885
3943 4593
3944 4345
3945 4147
3946 1407
3947 3255
3948 620
3949 109
3950 1712
3951 1557
3952 551
3953 551
3954 4856
3955 3323
3956 261
3957 373
3958 4553
3959 4246
3960 3242
3961 1610
3962 770
3963 2152
3964 3832
3965 1727
3966 629
3967 3490
3968 2884
3969 4395
3970 4395
3971 3764
3972 2264
3973 2261
3974 3124
3975 3708
3976 3209
3977 2597
3978 23
3979 3322
3980 2799
3981 581
3982 4074
3983 2298
3984 1113
3985 2261
3986 3112
3987 3232
3988 3946
3989 973
3990 1510
3991 873
3992 850
3993 3219
3994 4349
3995 2869
3996 2288
3997 4196
3998 3688
3999 4691
4000 2597
4001 2518
4002 4052
4003 3576
4004 1715
4005 4763
4006 2670
4007 3458
4008 4818
4009 3814
4010 3895
4011 2842
4012 2906
4013 1587
4014 2655
4015 2416
4016 991
4017 1078
4018 717
4019 4799
4020 1729
4021 3356
4022 3885
4023 909
4024 1174
4025 4814
4026 3072
4027 1711
4028 1583
4029 3250
4030 2794
4031 3124
4032 4329
4033 620
4034 4963
4035 4530
4036 130
4037 4020
4038 3556
4039 3528
4040 757
4041 3705
4042 2057
4043 256
4044 789
4045 662
4046 3328
4047 377
4048 3513
4049 3161
4050 3608
4051 4498
4052 437
4053 543
4054 4881
4055 3570
4056 1138
4057 1973
4058 4218
4059 3977
4060 2773
4061 1507
4062 3770
4063 3822
4064 1926
4065 4895
4066 4109
4067 2100
4068 3120
4069 4828
4070 3604
4071 2134
4072 2121
4073 3555
4074 4903
4075 3268
4076 4338
4077 4091
4078 3874
4079 68
4080 3285
4081 413
4082 193
4083 2831
4084 4905
4085 2707
4086 1027
4087 4036
4088 3425
4089 161
4090 1096
4091 1249
4092 275
4093 3088
4094 4383
4095 2106
4096 3441
4097 650
4098 1259
4099 2624
4100 3834
4101 1573
4102 4682
4103 2058
4104 1838
4105 364
4106 1863
4107 4026
4108 586
4109 1252
4110 356
4111 2140
4112 3698
4113 2923
4114 1481
4115 3741
4116 3192
4117 4803
4118 3896
4119 4901
4120 664
4121 1344
4122 2031
4123 516
4124 1509
4125 841
4126 1584
4127 1884
4128 4109
4129 3094
4130 2043
4131 3405
4132 2231
4133 4414
4134 2162
4135 3297
4136 3783
4137 1665
4138 2553
4139 4058
4140 956
4141 2107
4142 4856
4143 1903
4144 446
4145 4420
4146 3142
4147 646
4148 1769
4149 2029
4150 2640
4151 4914
4152 2124
4153 3032
4154 3372
4155 7
4156 324
4157 182
4158 1495
4159 4347
4160 913
4161 1765
4162 473
4163 1044
4164 1806
4165 3823
4166 4156
4167 638
4168 4911
4169 43
4170 3053
4171 1335
4172 4567
4173 4884
4174 496
4175 1355
4176 2899
4177 4567
4178 4835
4179 1069
4180 2123
4181 4745
4182 3025
4183 4219
4184 3184
4185 4905
4186 1558
4187 3543
4188 2328
4189 3911
4190 4756
4191 4011
4192 391
4193 920
4194 1126
4195 4766
4196 4185
4197 4726
4198 4192
4199 1884
4200 1241
4201 762
4202 4402
4203 1375
4204 1581
4205 690
4206 2504
4207 4557
4208 2823
4209 2363
4210 4594
4211 1577
4212 4874
4213 2833
4214 584
4215 3675
4216 450
4217 3201
4218 38
4219 641
4220 1187
4221 2611
4222 3751
4223 2419
4224 2798
4225 1037
4226 504
4227 3368
4228 2109
4229 1634
4230 3644
4231 3329
4232 4780
4233 970
4234 4512
4235 649
4236 2746
4237 820
4238 3042
4239 1995
4240 2190
4241 2389
4242 1507
4243 335
4244 1794
4245 404
4246 3936
4247 2003
4248 4199
4249 4766
4250 3820
4251 3118
4252 4045
4253 4340
4254 671
4255 834
4256 4902
4257 1993
4258 3956
4259 3282
4260 450
4261 2838
4262 2460
4263 1231
4264 3852
4265 4637
4266 2048
4267 1854
4268 1993
4269 3082
4270 2176
4271 1246
4272 1969
4273 2026
4274 1682
4275 3548
4276 754
4277 4547
4278 130
4279 2712
4280 3482
4281 4146
4282 3759
4283 4074
4284 2480
4285 3362
4286 2533
4287 414
4288 1576
4289 400
4290 1248
4291 1569
4292 276
4293 4414
4294 1996
4295 3510
4296 4486
4297 801
4298 2683
4299 3746
4300 3277
4301 3302
4302 1684
4303 4731
4304 2886
4305 2161
4306 313
4307 2224
4308 646
4309 4049
4310 4315
4311 256
4312 2257
4313 1660
4314 3824
4315 4802
4316 2251
4317 341
4318 3965
4319 1934
4320 1162
4321 3263
4322 4649
4323 207
4324 502
4325 3091
4326 3172
4327 634
4328 4052
4329 3025
4330 4791
4331 1443
4332 4602
4333 2643
4334 1533
4335 4257
4336 917
4337 3932
4338 4049
4339 2126
4340 1687
4341 4201
4342 811
4343 1486
4344 1584
4345 604
4346 3241
4347 1233
4348 4850
4349 3877
4350 3386
4351 6
4352 3723
4353 4152
4354 406
4355 4953
4356 3552
4357 4632
4358 1497
4359 4843
4360 3837
4361 4019
4362 3418
4363 3373
4364 2971
4365 3602
4366 1318
4367 1565
4368 4784
4369 286
4370 3046
4371 605
4372 4521
4373 4565
4374 2207
4375 289
4376 1822
4377 404
4378 1360
4379 2247
4380 4169
4381 2008
4382 3932
4383 303
4384 2736
4385 204
4386 1311
4387 451
4388 3006
4389 4294
4390 4543
4391 3066
4392 2428
4393 1996
4394 4168
4395 2224
4396 3994
4397 4678
4398 2788
4399 900
4400 3364
4401 4293
4402 4829
4403 4298
4404 2002
4405 4226
4406 845
4407 1115
4408 1374
4409 498
4410 369
4411 502
4412 4073
4413 2673
4414 4378
4415 1672
4416 4184
4417 3147
4418 3412
4419 4515
4420 2770
4421 176
4422 570
4423 2256
4424 2011
4425 1734
4426 3755
4427 1797
4428 1064
4429 3142
4430 4280
4431 3914
4432 1166
4433 960
4434 2503
4435 3096
4436 55
4437 1717
4438 4922
4439 1030
4440 1749
4441 2510
4442 970
4443 179
4444 1616
4445 561
4446 4030
4447 1166
4448 1929
4449 2156
4450 3933
4451 2541
4452 938
4453 3968
4454 1635
4455 3367
4456 2574
4457 3789
4458 205
4459 4967
4460 3585
4461 2174
4462 2639
4463 2548
4464 524
4465 2915
4466 3702
4467 1894
4468 4981
4469 4499
4470 320
4471 3691
4472 3023
4473 4381
4474 222
4475 1555
4476 616
4477 2076
4478 4010
4479 1687
4480 658
4481 519
4482 22
4483 2986
4484 2651
4485 4006
4486 480
4487 4756
4488 1528
4489 4002
4490 341
4491 2491
4492 2159
4493 4066
4494 3814
4495 3662
4496 1066
4497 1798
4498 1967
4499 1275
4500 1246
4501 3229
4502 3847
4503 2391
4504 3003
4505 2864
4506 1958
4507 3175
4508 1155
4509 1672
4510 1576
4511 2321
4512 1583
4513 2356
4514 1780
4515 3403
4516 905
4517 1201
4518 2665
4519 2207
4520 4729
4521 4630
4522 4426
4523 3351
4524 3772
4525 3208
4526 752
4527 3765
4528 2489
4529 4414
4530 514
4531 2636
4532 662
4533 485
4534 2536
4535 2645
4536 1987
4537 3138
4538 185
4539 812
4540 79
4541 1863
4542 2878
4543 1840
4544 4985
4545 4060
4546 3687
4547 4268
4548 2043
4549 888
4550 755
4551 3108
4552 1514
4553 2736
4554 4890
4555 3227
4556 1544
4557 1987
4558 3797
4559 356
4560 3249
4561 4901
4562 3425
4563 2458
4564 1928
4565 2349
4566 1468
4567 4272
4568 2591
4569 4864
4570 643
4571 3378
4572 2389
4573 2422
4574 3154
4575 303
4576 1419
4577 3369
4578 1453
4579 4813
4580 2372
4581 2176
4582 4927
4583 3429
4584 1102
4585 1336
4586 4198
4587 3630
4588 4177
4589 4149
4590 2805
4591 1495
4592 204
4593 984
4594 2470
4595 2216
4596 3528
4597 1965
4598 4149
4599 3770
4600 3010
4601 471
4602 4730
4603 2915
4604 1647
4605 3840
4606 4854
4607 1615
4608 4676
4609 786
4610 4815
4611 2259
4612 87
4613 3115
4614 4593
4615 4509
4616 2612
4617 2275
4618 3452
4619 4879
4620 2188
4621 3474
4622 4208
4623 3178
4624 2032
4625 262
4626 273
4627 2108
4628 3407
4629 586
4630 2572
4631 4835
4632 3475
4633 4958
4634 3612
4635 2463
4636 1513
4637 2415
4638 2820
4639 1714
4640 4339
4641 1565
4642 1315
4643 4587
4644 4709
4645 282
4646 2021
4647 3169
4648 1410
4649 3447
4650 3274
4651 120
4652 3395
4653 1094
4654 1157
4655 1774
4656 863
4657 2287
4658 4053
4659 2560
4660 2359
4661 2286
4662 4869
4663 383
4664 4566
4665 3694
4666 3349
4667 4246
4668 2834
4669 337
4670 590
4671 2694
4672 1743
4673 4962
4674 1317
4675 2627
4676 3381
4677 4633
4678 1180
4679 103
4680 2366
4681 4185
4682 2992
4683 39
4684 2396
4685 2938
4686 3824
4687 34
4688 380
4689 1442
4690 4895
4691 1899
4692 2966
4693 4608
4694 463
4695 2841
4696 2026
4697 773
4698 2564
4699 4680
4700 368
4701 2408
4702 2711
4703 4759
4704 4624
4705 2617
4706 1818
4707 2349
4708 3508
4709 2761
4710 4019
4711 4456
4712 2659
4713 4597
4714 2595
4715 3869
4716 3362
4717 1460
4718 993
4719 2802
4720 4989
4721 3987
4722 2314
4723 3856
4724 3258
4725 4948
4726 4594
4727 3117
4728 1592
4729 47
4730 3659
4731 3319
4732 769
4733 2599
4734 393
4735 1232
4736 310
4737 3036
4738 2101
4739 3861
4740 415
4741 4276
4742 3948
4743 360
4744 362
4745 1129
4746 771
4747 223
4748 3638
4749 1669
4750 4220
4751 1597
4752 3656
4753 121
4754 4031
4755 4283
4756 960
4757 30
4758 1395
4759 3447
4760 4959
4761 950
4762 2304
4763 3577
4764 4019
4765 2892
4766 944
4767 906
4768 2011
4769 4447
4770 3050
4771 1857
4772 1853
4773 4784
4774 4050
4775 322
4776 2884
4777 2944
4778 2350
4779 1230
4780 677
4781 3301
4782 1004
4783 3517
4784 1640
4785 3630
4786 402
4787 2928
4788 1675
4789 2841
4790 1312
4791 1974
4792 4900
4793 4623
4794 2934
4795 2330
4796 26
4797 887
4798 1460
4799 352
4800 168
4801 4130
4802 91
4803 1223
4804 4556
4805 4782
4806 1345
4807 3789
4808 2505
4809 2377
4810 2969
4811 4763
4812 2854
4813 736
4814 831
4815 2563
4816 3904
4817 438
4818 1570
4819 2027
4820 2706
4821 3417
4822 877
4823 2420
4824 1011
4825 1129
4826 1145
4827 3835
4828 1868
4829 3462
4830 1358
4831 4346
4832 4283
4833 3303
4834 2877
4835 2155
4836 2001
4837 1782
4838 4911
4839 2559
4840 1262
4841 549
4842 4569
4843 649
4844 3259
4845 3936
4846 68
4847 4190
4848 1014
4849 1433
4850 4598
4851 2088
4852 4377
4853 48
4854 4643
4855 321
4856 2553
4857 873
4858 1080
4859 1505
4860 47
4861 2894
4862 2949
4863 3882
4864 4285
4865 782
4866 270
4867 764
4868 913
4869 4148
4870 4355
4871 841
4872 660
4873 2954
4874 270
4875 167
4876 1791
4877 4628
4878 4435
4879 4775
4880 3925
4881 84
4882 4582
4883 4620
4884 1668
4885 829
4886 3874
4887 10
4888 916
4889 2515
4890 316
4891 1944
4892 2670
4893 3432
4894 611
4895 3874
4896 509
4897 4948
4898 3966
4899 4370
4900 3805
4901 2030
4902 2992
4903 3362
4904 946
4905 521
4906 1669
4907 1604
4908 2086
4909 1752
4910 2984
4911 2293
4912 3130
4913 2447
4914 4572
4915 2218
4916 4128
4917 307
4918 3927
4919 2170
4920 3630
4921 1642
4922 1987
4923 3013
4924 4707
4925 4156
4926 1250
4927 128
4928 3897
4929 2513
4930 1410
4931 4566
4932 3705
4933 2784
4934 4222
4935 3946
4936 772
4937 3444
4938 213
4939 2553
4940 3065
4941 2745
4942 2463
4943 3031
4944 4394
4945 4815
4946 4213
4947 1088
4948 3721
4949 764
4950 1890
4951 3900
4952 1730
4953 2576
4954 2153
4955 2888
4956 4773
4957 1563
4958 4296
4959 2680
4960 1211
4961 4884
4962 4364
4963 3172
4964 1308
4965 1222
4966 360
4967 2415
4968 4597
4969 2267
4970 270
4971 3565
4972 318
4973 761
4974 729
4975 530
4976 1899
4977 1318
4978 3101
4979 4386
4980 1389
4981 1608
4982 4923
4983 3824
4984 3219
4985 1922
4986 2902
4987 4455
4988 4697
4989 331
4990 2432
4991 487
4992 674
4993 1394
4994 4070
4995 1598
4996 3413
4997 3958
4998 1367
4999 3215
5000 886
