2 892
3 149
4 954
5 371
6 868
7 44
8 146
9 169
10 741
11 114
12 821
13 825
14 591
15 548
16 713
17 179
18 637
19 986
20 885
21 304
22 323
23 732
24 132
25 820
26 982
27 514
28 162
29 8
30 156
31 765
32 330
33 480
34 473
35 247
36 499
37 160
38 863
39 629
40 628
41 962
42 447
43 364
44 635
45 737
46 238
47 379
48 932
49 560
50 946
51 965
52 644
53 750
54 531
55 810
56 387
57 988
58 540
59 335
60 447
61 16
62 878
63 610
64 13
65 851
66 171
67 425
68 283
69 639
70 535
71 973
72 705
73 221
74 138
75 416
76 582
77 505
78 596
79 765
80 792
81 18
82 824
83 991
84 947
85 259
86 351
87 265
88 974
89 179
90 521
91 565
92 725
93 631
94 83
95 713
96 954
97 441
98 591
99 669
100 431
101 321
102 641
103 749
104 972
105 298
106 635
107 249
108 621
109 540
110 593
111 575
112 749
113 921
114 719
115 451
116 894
117 948
118 445
119 617
120 455
121 994
122 255
123 674
124 66
125 249
126 925
127 502
128 515
129 173
130 19
131 183
132 442
133 434
134 689
135 84
136 708
137 366
138 66
139 427
140 919
141 505
142 764
143 373
144 348
145 854
146 433
147 172
148 91
149 166
150 331
151 577
152 451
153 603
154 607
155 784
156 884
157 385
158 449
159 878
160 889
161 831
162 938
163 94
164 113
165 794
166 247
167 812
168 162
169 677
170 392
171 139
172 192
173 223
174 579
175 44
176 667
177 428
178 793
179 948
180 255
181 77
182 79
183 967
184 370
185 269
186 393
187 136
188 77
189 59
190 483
191 734
192 955
193 887
194 313
195 86
196 843
197 637
198 841
199 696
200 300
201 571
202 209
203 129
204 984
205 24
206 149
207 812
208 10
209 818
210 757
211 920
212 582
213 18
214 801
215 32
216 748
217 630
218 954
219 445
220 705
221 153
222 788
223 818
224 37
225 47
226 586
227 972
228 765
229 418
230 108
231 56
232 474
233 427
234 606
235 910
236 990
237 339
238 403
239 302
240 221
241 5
242 825
243 626
244 729
245 10
246 844
247 504
248 585
249 495
250 121
251 481
252 934
253 262
254 367
255 725
256 554
257 624
258 261
259 921
260 734
261 94
262 830
263 937
264 829
265 109
266 141
267 766
268 98
269 285
270 371
271 884
272 994
273 228
274 192
275 277
276 251
277 476
278 828
279 840
280 18
281 1
282 184
283 705
284 651
285 262
286 986
287 91
288 255
289 889
290 24
291 613
292 284
293 392
294 678
295 638
296 462
297 977
298 593
299 452
300 509
301 810
302 853
303 413
304 742
305 944
306 698
307 947
308 652
309 311
310 66
311 399
312 947
313 486
314 916
315 642
316 269
317 47
318 818
319 606
320 766
321 919
322 788
323 586
324 600
325 1
326 152
327 522
328 603
329 788
330 781
331 90
332 600
333 654
334 720
335 393
336 819
337 717
338 740
339 585
340 447
341 992
342 715
343 648
344 608
345 507
346 445
347 51
348 357
349 932
350 453
351 490
352 824
353 163
354 694
355 280
356 653
357 555
358 623
359 996
360 399
361 797
362 849
363 889
364 681
365 415
366 696
367 604
368 258
369 54
370 742
371 549
372 582
373 287
374 671
375 28
376 329
377 768
378 186
379 900
380 169
381 532
382 386
383 617
384 423
385 586
386 933
387 35
388 183
389 875
390 305
391 670
392 308
393 851
394 134
395 787
396 274
397 325
398 510
399 172
400 857
401 882
402 987
403 423
404 781
405 81
406 770
407 174
408 840
409 758
410 310
411 440
412 33
413 922
414 488
415 271
416 47
417 440
418 490
419 760
420 613
421 646
422 818
423 399
424 151
425 298
426 589
427 334
428 207
429 970
430 197
431 229
432 382
433 569
434 468
435 980
436 320
437 662
438 310
439 686
440 494
441 392
442 709
443 877
444 905
445 602
446 12
447 807
448 997
449 418
450 583
451 726
452 714
453 876
454 193
455 116
456 385
457 674
458 963
459 179
460 146
461 896
462 278
463 742
464 906
465 812
466 359
467 535
468 469
469 191
470 320
471 115
472 400
473 289
474 687
475 749
476 392
477 305
478 746
479 885
480 369
481 897
482 361
483 955
484 172
485 910
486 456
487 949
488 539
489 156
490 340
491 792
492 774
493 583
494 152
495 777
496 97
497 883
498 768
499 855
500 74
501 632
502 397
503 879
504 309
505 139
506 262
507 589
508 127
509 727
510 544
511 302
512 290
513 52
514 779
515 25
516 673
517 85
518 517
519 990
520 154
521 130
522 679
523 16
524 773
525 29
526 25
527 122
528 58
529 824
530 525
531 549
532 400
533 930
534 255
535 600
536 251
537 156
538 913
539 135
540 116
541 581
542 25
543 836
544 341
545 974
546 730
547 189
548 494
549 16
550 600
551 97
552 481
553 397
554 798
555 7
556 306
557 412
558 751
559 89
560 562
561 699
562 521
563 750
564 822
565 211
566 395
567 193
568 574
569 462
570 793
571 152
572 56
573 619
574 791
575 514
576 447
577 4
578 284
579 654
580 544
581 727
582 354
583 346
584 178
585 677
586 989
587 334
588 430
589 335
590 632
591 997
592 906
593 117
594 915
595 294
596 574
597 42
598 26
599 347
600 778
601 573
602 460
603 909
604 311
605 614
606 577
607 256
608 310
609 16
610 138
611 186
612 97
613 409
614 998
615 307
616 80
617 47
618 208
619 695
620 614
621 326
622 264
623 220
624 334
625 605
626 475
627 867
628 758
629 586
630 711
631 387
632 847
633 57
634 230
635 332
636 230
637 564
638 797
639 626
640 91
641 497
642 750
643 758
644 216
645 563
646 12
647 319
648 513
649 500
650 691
651 553
652 750
653 702
654 602
655 184
656 398
657 983
658 789
659 355
660 982
661 978
662 688
663 766
664 689
665 25
666 978
667 457
668 375
669 542
670 995
671 523
672 851
673 801
674 636
675 382
676 141
677 657
678 776
679 941
680 567
681 199
682 609
683 638
684 623
685 961
686 469
687 162
688 787
689 734
690 247
691 761
692 594
693 517
694 534
695 765
696 860
697 267
698 594
699 431
700 338
701 104
702 329
703 795
704 641
705 657
706 697
707 85
708 23
709 483
710 86
711 100
712 239
713 132
714 287
715 407
716 152
717 604
718 905
719 428
720 86
721 788
722 765
723 858
724 294
725 651
726 791
727 791
728 509
729 121
730 776
731 414
732 411
733 811
734 238
735 424
736 630
737 446
738 117
739 674
740 99
741 720
742 774
743 9
744 86
745 145
746 412
747 585
748 115
749 758
750 340
751 550
752 100
753 616
754 741
755 640
756 425
757 248
758 707
759 289
760 409
761 506
762 97
763 619
764 535
765 142
766 238
767 860
768 28
769 326
770 671
771 712
772 49
773 491
774 207
775 185
776 849
777 102
778 498
779 459
780 67
781 893
782 348
783 266
784 117
785 614
786 310
787 764
788 169
789 125
790 65
791 167
792 853
793 321
794 557
795 465
796 446
797 317
798 294
799 596
800 338
801 792
802 8
803 302
804 429
805 198
806 429
807 865
808 757
809 867
810 763
811 51
812 914
813 17
814 807
815 188
816 559
817 4
818 503
819 508
820 728
821 320
822 587
823 906
824 739
825 269
826 497
827 257
828 226
829 658
830 89
831 220
832 43
833 151
834 619
835 798
836 328
837 196
838 794
839 120
840 717
841 145
842 613
843 436
844 774
845 412
846 92
847 255
848 881
849 457
850 316
851 929
852 333
853 821
854 156
855 846
856 652
857 828
858 437
859 88
860 416
861 351
862 748
863 393
864 550
865 846
866 606
867 892
868 792
869 150
870 772
871 62
872 921
873 776
874 428
875 440
876 699
877 893
878 81
879 464
880 360
881 844
882 326
883 375
884 362
885 250
886 560
887 379
888 468
889 828
890 870
891 428
892 32
893 462
894 253
895 376
896 672
897 517
898 690
899 786
900 643
901 290
902 672
903 738
904 527
905 681
906 47
907 198
908 406
909 581
910 776
911 174
912 80
913 22
914 22
915 979
916 499
917 82
918 444
919 962
920 880
921 775
922 603
923 141
924 416
925 555
926 44
927 35
928 921
929 56
930 628
931 383
932 924
933 220
934 581
935 897
936 131
937 76
938 766
939 348
940 381
941 828
942 643
943 636
944 856
945 986
946 467
947 707
948 427
949 102
950 968
951 764
952 885
953 95
954 913
955 865
956 788
957 178
958 242
959 878
960 738
961 317
962 710
963 29
964 115
965 453
966 740
967 942
968 744
969 805
970 277
971 740
972 614
973 614
974 853
975 193
976 872
977 169
978 632
979 513
980 24
981 283
982 317
983 758
984 625
985 55
986 490
987 54
988 952
989 559
990 893
991 962
992 241
993 727
994 243
995 375
996 444
997 12
998 938
999 206
1000 321
